{
 "cells": [
  {
   "cell_type": "markdown",
   "metadata": {},
   "source": [
    "# Plot Coherence Over Time\n",
    "\n",
    "Rather than getting the coherence between wires on average for a whole recording, it can be helpful to view how the coherence changes over time.  This notebook will describe how we do this."
   ]
  },
  {
   "cell_type": "markdown",
   "metadata": {},
   "source": [
    "## Extracting data from NeuroExplorer\n",
    "\n",
    "This process is much like what is used for plotting coherence for a single time bin; our NeuroExplorer template `coherence_4_tetrodes.ntp` is still used, but the script `coherence_4_tetrodes_overtime.py` applies it many times over a given recording for smaller chunks of data.  The output is a \"superfolder\" with subfolders corresponding to each time bin, all filled with `.csv` files of the coherence data.\n",
    "\n",
    "The example data used in this notebook was generated using the following steps:\n",
    "1. Open the recording data file (from Plexon) in NeuroExplorer.  **All the LFPs are labeled using \"FP##\"** (this is how the code finds them).\n",
    "2. Open the script `coherence_4_tetrodes_overtime.py` in NeuroExplorer's IDE.\n",
    "3. Within the \"parameters\" section of the script, make sure the `template` variable points to the template `coherence_4_tetrodes`.  Double check that all other settings are appropriate.  The `bin_size` argument is what determines the output frequency.\n",
    "4.  Run the script!\n",
    "\n",
    "The output of this process is the folder `coherence overtime plot data` within the `exampledata` folder.  The example was generated from a recording of an animal with tetrodes in the ventral tegmental area (VTA), basolateral amygdala (BLA), nucleus accumbens (NAc), and prefrontal cortex (PFC).  As this process can generate a lot of data, only 10 minutes were used with a 30 second bin width.  The recording was a baseline recording with no other manipulations. \n",
    "\n",
    "Note that the script will try to write a `movement.csv` file using a variable \"Motion\" which is based on mouse tracking data.  This may need to be removed or modified depending on if you have tracking data & how it is loaded into NeuroExplorer."
   ]
  },
  {
   "cell_type": "markdown",
   "metadata": {},
   "source": [
    "## Plotting\n",
    "\n",
    "We import `coherence.py` below to make it's functions & classes available.  Rather than working with a directory, we will load the data into an object in Python using `co.Coherence_Matrix_Overtime()`.  There are then plotting functions within `coherence.py` that work on instances of `co.Coherence_Matrix_Overtime`.\n",
    "\n",
    "At the time of loading the data, we can specify which frequencies to include, which wires to plot, and what to call each wire  (see `help(co.Coherence_Matrix_Overtime)`).  Here, I will load data for the beta band, labeling wires according to their brain region using `co.Region` objects.  I will also pass the argument `color` for each `co.Region` to give them a unique color when plotting later."
   ]
  },
  {
   "cell_type": "code",
   "execution_count": 1,
   "metadata": {
    "scrolled": false
   },
   "outputs": [
    {
     "name": "stdout",
     "output_type": "stream",
     "text": [
      "----------\n",
      "\n",
      "Trying to compute coherence data for \"exampledata\\coherence overtime plot data\".\n",
      "\n",
      "\n",
      "Starting loop:\n",
      "\n",
      "exampledata\\coherence overtime plot data\\0_100-130 processed\n",
      "exampledata\\coherence overtime plot data\\1_130-160 processed\n",
      "exampledata\\coherence overtime plot data\\2_160-190 processed\n",
      "exampledata\\coherence overtime plot data\\3_190-220 processed\n",
      "exampledata\\coherence overtime plot data\\4_220-250 processed\n",
      "exampledata\\coherence overtime plot data\\5_250-280 processed\n",
      "exampledata\\coherence overtime plot data\\6_280-310 processed\n",
      "exampledata\\coherence overtime plot data\\7_310-340 processed\n",
      "exampledata\\coherence overtime plot data\\8_340-370 processed\n",
      "exampledata\\coherence overtime plot data\\9_370-400 processed\n",
      "exampledata\\coherence overtime plot data\\10_400-430 processed\n",
      "exampledata\\coherence overtime plot data\\11_430-460 processed\n",
      "exampledata\\coherence overtime plot data\\12_460-490 processed\n",
      "exampledata\\coherence overtime plot data\\13_490-520 processed\n",
      "exampledata\\coherence overtime plot data\\14_520-550 processed\n",
      "exampledata\\coherence overtime plot data\\15_550-580 processed\n",
      "exampledata\\coherence overtime plot data\\16_580-610 processed\n",
      "exampledata\\coherence overtime plot data\\17_610-640 processed\n",
      "exampledata\\coherence overtime plot data\\18_640-670 processed\n",
      "exampledata\\coherence overtime plot data\\19_670-700 processed\n",
      "\n",
      "Loop complete.\n",
      "\n",
      "\n",
      "Looking for .csv files in exampledata\\coherence overtime plot data\n",
      "\n",
      "Loaded data from \"info.csv\"\n",
      "\n",
      "\n",
      "Loaded movement data from movement.csv\n",
      "\n"
     ]
    }
   ],
   "source": [
    "import coherence as co\n",
    "\n",
    "path = r\"exampledata\\coherence overtime plot data\"\n",
    "\n",
    "vta = co.Region('VTA', range(1,4), color='red')\n",
    "bla = co.Region('BLA', range(5,8), color='blue')\n",
    "nac = co.Region('NAc', range(9,12), color='green')\n",
    "pfc = co.Region('PFC', range(13,16), color='orange')\n",
    "\n",
    "mouse1 = co.Coherence_Matrix_Overtime(path, #path to the data\n",
    "                                    band = 'beta', #band to analyze\n",
    "                                    vta=vta, #Region arguments passed to label wires\n",
    "                                    bla=bla,\n",
    "                                    nac=nac,\n",
    "                                    pfc=pfc) "
   ]
  },
  {
   "cell_type": "markdown",
   "metadata": {},
   "source": [
    "The loaded data are stored in the `data` attribute of `mouse1` as a list of DataFrames."
   ]
  },
  {
   "cell_type": "code",
   "execution_count": 2,
   "metadata": {
    "scrolled": false
   },
   "outputs": [
    {
     "data": {
      "text/html": [
       "<div>\n",
       "<style scoped>\n",
       "    .dataframe tbody tr th:only-of-type {\n",
       "        vertical-align: middle;\n",
       "    }\n",
       "\n",
       "    .dataframe tbody tr th {\n",
       "        vertical-align: top;\n",
       "    }\n",
       "\n",
       "    .dataframe thead th {\n",
       "        text-align: right;\n",
       "    }\n",
       "</style>\n",
       "<table border=\"1\" class=\"dataframe\">\n",
       "  <thead>\n",
       "    <tr style=\"text-align: right;\">\n",
       "      <th></th>\n",
       "      <th>VTA 1</th>\n",
       "      <th>VTA 2</th>\n",
       "      <th>VTA 3</th>\n",
       "      <th>VTA 4</th>\n",
       "      <th>BLA 1</th>\n",
       "      <th>BLA 2</th>\n",
       "      <th>BLA 3</th>\n",
       "      <th>BLA 4</th>\n",
       "      <th>NAc 1</th>\n",
       "      <th>NAc 2</th>\n",
       "      <th>NAc 3</th>\n",
       "      <th>NAc 4</th>\n",
       "      <th>PFC 1</th>\n",
       "      <th>PFC 2</th>\n",
       "      <th>PFC 3</th>\n",
       "      <th>PFC 4</th>\n",
       "    </tr>\n",
       "  </thead>\n",
       "  <tbody>\n",
       "    <tr>\n",
       "      <th>VTA 1</th>\n",
       "      <td>1.000000</td>\n",
       "      <td>0.258501</td>\n",
       "      <td>0.142586</td>\n",
       "      <td>0.082332</td>\n",
       "      <td>0.079183</td>\n",
       "      <td>0.084455</td>\n",
       "      <td>0.091649</td>\n",
       "      <td>0.123593</td>\n",
       "      <td>0.080136</td>\n",
       "      <td>0.075053</td>\n",
       "      <td>0.073860</td>\n",
       "      <td>0.082961</td>\n",
       "      <td>0.092711</td>\n",
       "      <td>0.082084</td>\n",
       "      <td>0.092549</td>\n",
       "      <td>0.083115</td>\n",
       "    </tr>\n",
       "    <tr>\n",
       "      <th>VTA 2</th>\n",
       "      <td>0.258501</td>\n",
       "      <td>1.000000</td>\n",
       "      <td>0.152958</td>\n",
       "      <td>0.403065</td>\n",
       "      <td>0.069937</td>\n",
       "      <td>0.101562</td>\n",
       "      <td>0.120005</td>\n",
       "      <td>0.175438</td>\n",
       "      <td>0.070500</td>\n",
       "      <td>0.089808</td>\n",
       "      <td>0.089982</td>\n",
       "      <td>0.070298</td>\n",
       "      <td>0.106763</td>\n",
       "      <td>0.092559</td>\n",
       "      <td>0.115455</td>\n",
       "      <td>0.111483</td>\n",
       "    </tr>\n",
       "    <tr>\n",
       "      <th>VTA 3</th>\n",
       "      <td>0.142586</td>\n",
       "      <td>0.152958</td>\n",
       "      <td>1.000000</td>\n",
       "      <td>0.152358</td>\n",
       "      <td>0.069505</td>\n",
       "      <td>0.074358</td>\n",
       "      <td>0.068805</td>\n",
       "      <td>0.077776</td>\n",
       "      <td>0.083211</td>\n",
       "      <td>0.077059</td>\n",
       "      <td>0.076427</td>\n",
       "      <td>0.096725</td>\n",
       "      <td>0.071166</td>\n",
       "      <td>0.090978</td>\n",
       "      <td>0.088507</td>\n",
       "      <td>0.085723</td>\n",
       "    </tr>\n",
       "    <tr>\n",
       "      <th>VTA 4</th>\n",
       "      <td>0.082332</td>\n",
       "      <td>0.403065</td>\n",
       "      <td>0.152358</td>\n",
       "      <td>1.000000</td>\n",
       "      <td>0.065780</td>\n",
       "      <td>0.055943</td>\n",
       "      <td>0.085234</td>\n",
       "      <td>0.083115</td>\n",
       "      <td>0.087918</td>\n",
       "      <td>0.111414</td>\n",
       "      <td>0.092165</td>\n",
       "      <td>0.075517</td>\n",
       "      <td>0.069431</td>\n",
       "      <td>0.090315</td>\n",
       "      <td>0.102645</td>\n",
       "      <td>0.101254</td>\n",
       "    </tr>\n",
       "    <tr>\n",
       "      <th>BLA 1</th>\n",
       "      <td>0.079183</td>\n",
       "      <td>0.069937</td>\n",
       "      <td>0.069505</td>\n",
       "      <td>0.065780</td>\n",
       "      <td>1.000000</td>\n",
       "      <td>0.148837</td>\n",
       "      <td>0.117082</td>\n",
       "      <td>0.423749</td>\n",
       "      <td>0.080066</td>\n",
       "      <td>0.082279</td>\n",
       "      <td>0.085136</td>\n",
       "      <td>0.079876</td>\n",
       "      <td>0.078028</td>\n",
       "      <td>0.079977</td>\n",
       "      <td>0.078115</td>\n",
       "      <td>0.083572</td>\n",
       "    </tr>\n",
       "    <tr>\n",
       "      <th>BLA 2</th>\n",
       "      <td>0.084455</td>\n",
       "      <td>0.101562</td>\n",
       "      <td>0.074358</td>\n",
       "      <td>0.055943</td>\n",
       "      <td>0.148837</td>\n",
       "      <td>1.000000</td>\n",
       "      <td>0.133785</td>\n",
       "      <td>0.188397</td>\n",
       "      <td>0.083262</td>\n",
       "      <td>0.087282</td>\n",
       "      <td>0.084464</td>\n",
       "      <td>0.071444</td>\n",
       "      <td>0.100196</td>\n",
       "      <td>0.083485</td>\n",
       "      <td>0.098252</td>\n",
       "      <td>0.099313</td>\n",
       "    </tr>\n",
       "    <tr>\n",
       "      <th>BLA 3</th>\n",
       "      <td>0.091649</td>\n",
       "      <td>0.120005</td>\n",
       "      <td>0.068805</td>\n",
       "      <td>0.085234</td>\n",
       "      <td>0.117082</td>\n",
       "      <td>0.133785</td>\n",
       "      <td>1.000000</td>\n",
       "      <td>0.103128</td>\n",
       "      <td>0.079387</td>\n",
       "      <td>0.074126</td>\n",
       "      <td>0.078211</td>\n",
       "      <td>0.082172</td>\n",
       "      <td>0.103182</td>\n",
       "      <td>0.072041</td>\n",
       "      <td>0.086271</td>\n",
       "      <td>0.083136</td>\n",
       "    </tr>\n",
       "    <tr>\n",
       "      <th>BLA 4</th>\n",
       "      <td>0.123593</td>\n",
       "      <td>0.175438</td>\n",
       "      <td>0.077776</td>\n",
       "      <td>0.083115</td>\n",
       "      <td>0.423749</td>\n",
       "      <td>0.188397</td>\n",
       "      <td>0.103128</td>\n",
       "      <td>1.000000</td>\n",
       "      <td>0.079872</td>\n",
       "      <td>0.091117</td>\n",
       "      <td>0.070936</td>\n",
       "      <td>0.079987</td>\n",
       "      <td>0.153076</td>\n",
       "      <td>0.088981</td>\n",
       "      <td>0.155018</td>\n",
       "      <td>0.151804</td>\n",
       "    </tr>\n",
       "    <tr>\n",
       "      <th>NAc 1</th>\n",
       "      <td>0.080136</td>\n",
       "      <td>0.070500</td>\n",
       "      <td>0.083211</td>\n",
       "      <td>0.087918</td>\n",
       "      <td>0.080066</td>\n",
       "      <td>0.083262</td>\n",
       "      <td>0.079387</td>\n",
       "      <td>0.079872</td>\n",
       "      <td>1.000000</td>\n",
       "      <td>0.794035</td>\n",
       "      <td>0.765647</td>\n",
       "      <td>0.785990</td>\n",
       "      <td>0.118796</td>\n",
       "      <td>0.254256</td>\n",
       "      <td>0.262823</td>\n",
       "      <td>0.296940</td>\n",
       "    </tr>\n",
       "    <tr>\n",
       "      <th>NAc 2</th>\n",
       "      <td>0.075053</td>\n",
       "      <td>0.089808</td>\n",
       "      <td>0.077059</td>\n",
       "      <td>0.111414</td>\n",
       "      <td>0.082279</td>\n",
       "      <td>0.087282</td>\n",
       "      <td>0.074126</td>\n",
       "      <td>0.091117</td>\n",
       "      <td>0.794035</td>\n",
       "      <td>1.000000</td>\n",
       "      <td>0.609368</td>\n",
       "      <td>0.450054</td>\n",
       "      <td>0.116182</td>\n",
       "      <td>0.303533</td>\n",
       "      <td>0.280606</td>\n",
       "      <td>0.326037</td>\n",
       "    </tr>\n",
       "    <tr>\n",
       "      <th>NAc 3</th>\n",
       "      <td>0.073860</td>\n",
       "      <td>0.089982</td>\n",
       "      <td>0.076427</td>\n",
       "      <td>0.092165</td>\n",
       "      <td>0.085136</td>\n",
       "      <td>0.084464</td>\n",
       "      <td>0.078211</td>\n",
       "      <td>0.070936</td>\n",
       "      <td>0.765647</td>\n",
       "      <td>0.609368</td>\n",
       "      <td>1.000000</td>\n",
       "      <td>0.416521</td>\n",
       "      <td>0.093816</td>\n",
       "      <td>0.238925</td>\n",
       "      <td>0.249614</td>\n",
       "      <td>0.277123</td>\n",
       "    </tr>\n",
       "    <tr>\n",
       "      <th>NAc 4</th>\n",
       "      <td>0.082961</td>\n",
       "      <td>0.070298</td>\n",
       "      <td>0.096725</td>\n",
       "      <td>0.075517</td>\n",
       "      <td>0.079876</td>\n",
       "      <td>0.071444</td>\n",
       "      <td>0.082172</td>\n",
       "      <td>0.079987</td>\n",
       "      <td>0.785990</td>\n",
       "      <td>0.450054</td>\n",
       "      <td>0.416521</td>\n",
       "      <td>1.000000</td>\n",
       "      <td>0.122970</td>\n",
       "      <td>0.154309</td>\n",
       "      <td>0.168553</td>\n",
       "      <td>0.188024</td>\n",
       "    </tr>\n",
       "    <tr>\n",
       "      <th>PFC 1</th>\n",
       "      <td>0.092711</td>\n",
       "      <td>0.106763</td>\n",
       "      <td>0.071166</td>\n",
       "      <td>0.069431</td>\n",
       "      <td>0.078028</td>\n",
       "      <td>0.100196</td>\n",
       "      <td>0.103182</td>\n",
       "      <td>0.153076</td>\n",
       "      <td>0.118796</td>\n",
       "      <td>0.116182</td>\n",
       "      <td>0.093816</td>\n",
       "      <td>0.122970</td>\n",
       "      <td>1.000000</td>\n",
       "      <td>0.083127</td>\n",
       "      <td>0.314675</td>\n",
       "      <td>0.393491</td>\n",
       "    </tr>\n",
       "    <tr>\n",
       "      <th>PFC 2</th>\n",
       "      <td>0.082084</td>\n",
       "      <td>0.092559</td>\n",
       "      <td>0.090978</td>\n",
       "      <td>0.090315</td>\n",
       "      <td>0.079977</td>\n",
       "      <td>0.083485</td>\n",
       "      <td>0.072041</td>\n",
       "      <td>0.088981</td>\n",
       "      <td>0.254256</td>\n",
       "      <td>0.303533</td>\n",
       "      <td>0.238925</td>\n",
       "      <td>0.154309</td>\n",
       "      <td>0.083127</td>\n",
       "      <td>1.000000</td>\n",
       "      <td>0.343638</td>\n",
       "      <td>0.577275</td>\n",
       "    </tr>\n",
       "    <tr>\n",
       "      <th>PFC 3</th>\n",
       "      <td>0.092549</td>\n",
       "      <td>0.115455</td>\n",
       "      <td>0.088507</td>\n",
       "      <td>0.102645</td>\n",
       "      <td>0.078115</td>\n",
       "      <td>0.098252</td>\n",
       "      <td>0.086271</td>\n",
       "      <td>0.155018</td>\n",
       "      <td>0.262823</td>\n",
       "      <td>0.280606</td>\n",
       "      <td>0.249614</td>\n",
       "      <td>0.168553</td>\n",
       "      <td>0.314675</td>\n",
       "      <td>0.343638</td>\n",
       "      <td>1.000000</td>\n",
       "      <td>0.843500</td>\n",
       "    </tr>\n",
       "    <tr>\n",
       "      <th>PFC 4</th>\n",
       "      <td>0.083115</td>\n",
       "      <td>0.111483</td>\n",
       "      <td>0.085723</td>\n",
       "      <td>0.101254</td>\n",
       "      <td>0.083572</td>\n",
       "      <td>0.099313</td>\n",
       "      <td>0.083136</td>\n",
       "      <td>0.151804</td>\n",
       "      <td>0.296940</td>\n",
       "      <td>0.326037</td>\n",
       "      <td>0.277123</td>\n",
       "      <td>0.188024</td>\n",
       "      <td>0.393491</td>\n",
       "      <td>0.577275</td>\n",
       "      <td>0.843500</td>\n",
       "      <td>1.000000</td>\n",
       "    </tr>\n",
       "  </tbody>\n",
       "</table>\n",
       "</div>"
      ],
      "text/plain": [
       "          VTA 1     VTA 2     VTA 3     VTA 4     BLA 1     BLA 2     BLA 3  \\\n",
       "VTA 1  1.000000  0.258501  0.142586  0.082332  0.079183  0.084455  0.091649   \n",
       "VTA 2  0.258501  1.000000  0.152958  0.403065  0.069937  0.101562  0.120005   \n",
       "VTA 3  0.142586  0.152958  1.000000  0.152358  0.069505  0.074358  0.068805   \n",
       "VTA 4  0.082332  0.403065  0.152358  1.000000  0.065780  0.055943  0.085234   \n",
       "BLA 1  0.079183  0.069937  0.069505  0.065780  1.000000  0.148837  0.117082   \n",
       "BLA 2  0.084455  0.101562  0.074358  0.055943  0.148837  1.000000  0.133785   \n",
       "BLA 3  0.091649  0.120005  0.068805  0.085234  0.117082  0.133785  1.000000   \n",
       "BLA 4  0.123593  0.175438  0.077776  0.083115  0.423749  0.188397  0.103128   \n",
       "NAc 1  0.080136  0.070500  0.083211  0.087918  0.080066  0.083262  0.079387   \n",
       "NAc 2  0.075053  0.089808  0.077059  0.111414  0.082279  0.087282  0.074126   \n",
       "NAc 3  0.073860  0.089982  0.076427  0.092165  0.085136  0.084464  0.078211   \n",
       "NAc 4  0.082961  0.070298  0.096725  0.075517  0.079876  0.071444  0.082172   \n",
       "PFC 1  0.092711  0.106763  0.071166  0.069431  0.078028  0.100196  0.103182   \n",
       "PFC 2  0.082084  0.092559  0.090978  0.090315  0.079977  0.083485  0.072041   \n",
       "PFC 3  0.092549  0.115455  0.088507  0.102645  0.078115  0.098252  0.086271   \n",
       "PFC 4  0.083115  0.111483  0.085723  0.101254  0.083572  0.099313  0.083136   \n",
       "\n",
       "          BLA 4     NAc 1     NAc 2     NAc 3     NAc 4     PFC 1     PFC 2  \\\n",
       "VTA 1  0.123593  0.080136  0.075053  0.073860  0.082961  0.092711  0.082084   \n",
       "VTA 2  0.175438  0.070500  0.089808  0.089982  0.070298  0.106763  0.092559   \n",
       "VTA 3  0.077776  0.083211  0.077059  0.076427  0.096725  0.071166  0.090978   \n",
       "VTA 4  0.083115  0.087918  0.111414  0.092165  0.075517  0.069431  0.090315   \n",
       "BLA 1  0.423749  0.080066  0.082279  0.085136  0.079876  0.078028  0.079977   \n",
       "BLA 2  0.188397  0.083262  0.087282  0.084464  0.071444  0.100196  0.083485   \n",
       "BLA 3  0.103128  0.079387  0.074126  0.078211  0.082172  0.103182  0.072041   \n",
       "BLA 4  1.000000  0.079872  0.091117  0.070936  0.079987  0.153076  0.088981   \n",
       "NAc 1  0.079872  1.000000  0.794035  0.765647  0.785990  0.118796  0.254256   \n",
       "NAc 2  0.091117  0.794035  1.000000  0.609368  0.450054  0.116182  0.303533   \n",
       "NAc 3  0.070936  0.765647  0.609368  1.000000  0.416521  0.093816  0.238925   \n",
       "NAc 4  0.079987  0.785990  0.450054  0.416521  1.000000  0.122970  0.154309   \n",
       "PFC 1  0.153076  0.118796  0.116182  0.093816  0.122970  1.000000  0.083127   \n",
       "PFC 2  0.088981  0.254256  0.303533  0.238925  0.154309  0.083127  1.000000   \n",
       "PFC 3  0.155018  0.262823  0.280606  0.249614  0.168553  0.314675  0.343638   \n",
       "PFC 4  0.151804  0.296940  0.326037  0.277123  0.188024  0.393491  0.577275   \n",
       "\n",
       "          PFC 3     PFC 4  \n",
       "VTA 1  0.092549  0.083115  \n",
       "VTA 2  0.115455  0.111483  \n",
       "VTA 3  0.088507  0.085723  \n",
       "VTA 4  0.102645  0.101254  \n",
       "BLA 1  0.078115  0.083572  \n",
       "BLA 2  0.098252  0.099313  \n",
       "BLA 3  0.086271  0.083136  \n",
       "BLA 4  0.155018  0.151804  \n",
       "NAc 1  0.262823  0.296940  \n",
       "NAc 2  0.280606  0.326037  \n",
       "NAc 3  0.249614  0.277123  \n",
       "NAc 4  0.168553  0.188024  \n",
       "PFC 1  0.314675  0.393491  \n",
       "PFC 2  0.343638  0.577275  \n",
       "PFC 3  1.000000  0.843500  \n",
       "PFC 4  0.843500  1.000000  "
      ]
     },
     "execution_count": 2,
     "metadata": {},
     "output_type": "execute_result"
    }
   ],
   "source": [
    "import pandas as pd\n",
    "\n",
    "mouse1.data[0].head(16)"
   ]
  },
  {
   "cell_type": "markdown",
   "metadata": {},
   "source": [
    "### Plot the coherence matrix/circle as a GIF\n",
    "`co.animated_coherence_plot()` can be used to merge each frame of data into GIF.\n",
    "\n",
    "To save, you can call the method `save`, like so:\n",
    "```\n",
    "graph = co.animated_coherence_plot(mouse1, graph='matrix')\n",
    "graph.save('animated coherence plot.gif', dpi = 300)\n",
    "```"
   ]
  },
  {
   "cell_type": "code",
   "execution_count": 3,
   "metadata": {},
   "outputs": [
    {
     "data": {
