Frequency Value,FP01,FP02,FP03,FP04,FP05,FP06,FP07,FP08,FP09,FP10,FP11,FP12,FP13,FP14,FP15,FP16,FP17,FP18,FP19,FP20,FP21,FP22,FP23,FP24,FP25,FP26,FP27,FP28,FP29,FP30,FP31,FP32
0,1,0.139981,0.503182,0.491932,0.493278,0.09193,0.546177,0.487267,0.153765,0.02396,0.026543,0.466583,0.259894,0.044262,0.001443,0.666271,0.014568,0.02186,0.014866,0.08816,0.04401,0.068977,0.035732,0.021876,0.108691,0.123142,0.060509,0.076709,0.001872,0.015832,0.043712,0.10753
0.390625,1,0.353133,0.37025,0.361434,0.583187,0.030816,0.47226,0.470857,0.216276,0.149099,0.225928,0.434604,0.26786,0.124447,0.179521,0.26903,0.009949,0.015935,0.021162,0.026511,0.016573,0.014326,0.018485,0.017382,0.019115,0.020842,0.015567,0.014586,0.030357,0.019921,0.014467,0.019313
0.78125,1,0.057408,0.280609,0.286152,0.505801,0.022839,0.360451,0.417272,0.17821,0.018992,0.095618,0.447492,0.296149,0.004689,0.126501,0.284901,0.05749,0.059415,0.039958,0.037276,0.046868,0.038801,0.039842,0.033713,0.021785,0.018004,0.055898,0.025453,0.075095,0.064211,0.047512,0.025645
1.171875,1,0.03059,0.240198,0.179518,0.276932,0.017071,0.258198,0.331992,0.025297,0.017021,0.061965,0.323015,0.122615,0.005585,0.101403,0.188357,0.035045,0.042286,0.013913,0.013541,0.021581,0.02106,0.019808,0.026156,0.0098,0.011579,0.035427,0.020083,0.032066,0.032142,0.02975,0.029079
1.5625,1,0.082286,0.164025,0.077234,0.302968,0.013765,0.255793,0.312842,0.050708,0.022604,0.148986,0.295418,0.043082,0.008773,0.154904,0.164834,0.062217,0.052514,0.0475,0.10122,0.078627,0.084202,0.096501,0.11629,0.088863,0.123569,0.050098,0.087987,0.02385,0.032541,0.076532,0.084287
1.953125,1,0.124337,0.092704,0.105629,0.308028,0.069508,0.135316,0.246073,0.07257,0.085619,0.243682,0.346608,0.050372,0.049872,0.248014,0.336811,0.045578,0.020769,0.036618,0.063552,0.073166,0.067415,0.065005,0.087832,0.077278,0.064867,0.067833,0.074272,0.02956,0.039512,0.072117,0.068681
2.34375,1,0.273103,0.324957,0.251114,0.419163,0.230011,0.298898,0.305839,0.1132,0.069903,0.159378,0.17783,0.047328,0.071957,0.04313,0.200454,0.057324,0.056666,0.055711,0.056169,0.052867,0.076289,0.068547,0.060424,0.067076,0.071158,0.057619,0.073241,0.041902,0.052464,0.066663,0.061651
2.734375,1,0.267645,0.438129,0.399608,0.409413,0.243192,0.453033,0.417062,0.343095,0.06147,0.20943,0.455428,0.166325,0.022027,0.075733,0.303363,0.086541,0.065672,0.068971,0.147888,0.111929,0.125141,0.126378,0.16072,0.121519,0.19032,0.072987,0.165544,0.050388,0.040062,0.116336,0.153623
3.125,1,0.087172,0.272255,0.284105,0.24443,0.031825,0.257017,0.206926,0.140668,0.032252,0.051593,0.285539,0.016533,0.019075,0.057939,0.267463,0.101859,0.088266,0.098431,0.140373,0.105441,0.107519,0.124314,0.138806,0.097577,0.146686,0.051993,0.118021,0.04632,0.017869,0.093678,0.116498
3.515625,1,0.086871,0.439836,0.365712,0.316976,0.056181,0.446978,0.379801,0.376611,0.032839,0.144569,0.489921,0.141988,0.081188,0.039726,0.290533,0.408092,0.37238,0.403729,0.460908,0.431878,0.434498,0.44405,0.444148,0.428352,0.468093,0.333464,0.462285,0.165554,0.155463,0.439663,0.44541
3.90625,1,0.127566,0.334421,0.294782,0.080122,0.030201,0.354667,0.26858,0.302988,0.104251,0.041215,0.351936,0.001244,0.017343,0.024447,0.254563,0.319029,0.25411,0.390055,0.404612,0.403677,0.396925,0.407249,0.396268,0.420392,0.390139,0.245712,0.401871,0.109719,0.091627,0.357725,0.37245
4.296875,1,0.179781,0.180687,0.217435,0.089568,0.123271,0.246891,0.25533,0.231601,0.036334,0.077067,0.321701,0.018728,0.062926,0.116722,0.186022,0.223594,0.18171,0.237571,0.245124,0.272441,0.254879,0.258127,0.269486,0.245845,0.227249,0.1547,0.280904,0.032751,0.077087,0.243931,0.267214
4.6875,1,0.143638,0.277659,0.224101,0.286413,0.169046,0.349651,0.338649,0.208843,0.030945,0.169003,0.457303,0.093954,0.036761,0.129662,0.331513,0.259417,0.248641,0.138295,0.189378,0.235716,0.241595,0.210141,0.217253,0.174964,0.199129,0.207573,0.260658,0.01322,0.146498,0.259739,0.259624
5.078125,1,0.095029,0.376437,0.239221,0.251809,0.255381,0.354758,0.320071,0.1922,0.022969,0.1599,0.412848,0.074309,0.114991,0.044455,0.178696,0.164117,0.174544,0.107351,0.131827,0.139379,0.159134,0.140349,0.14595,0.135372,0.148008,0.138398,0.168348,0.023769,0.112701,0.156995,0.158088
5.46875,1,0.020092,0.330173,0.302917,0.246082,0.073608,0.299772,0.251602,0.103567,0.009235,0.061233,0.313067,0.087292,0.05638,0.12757,0.246681,0.024694,0.025609,0.039755,0.059501,0.02596,0.029368,0.038448,0.062039,0.053386,0.055678,0.013721,0.037846,0.087101,0.034214,0.01708,0.044063
5.859375,1,0.019143,0.14355,0.102447,0.148723,0.007749,0.134652,0.14727,0.11595,0.041837,0.120237,0.211937,0.000224,0.040097,0.309092,0.355594,0.058985,0.048812,0.05896,0.069608,0.077466,0.059213,0.071853,0.078969,0.065393,0.059779,0.040413,0.069503,0.037158,0.016575,0.067907,0.067908
6.25,1,0.078402,0.316817,0.315406,0.280188,0.147935,0.309825,0.266719,0.117513,0.04609,0.147025,0.392569,0.13138,0.071965,0.102415,0.228862,0.085718,0.075961,0.097044,0.128948,0.114052,0.115189,0.11077,0.10837,0.09023,0.117906,0.058887,0.088029,0.004952,0.033675,0.081286,0.083633
6.640625,1,0.047882,0.254218,0.200221,0.285434,0.168671,0.27538,0.258495,0.066569,0.046266,0.129854,0.320854,0.101726,0.048708,0.100681,0.171606,0.093873,0.11213,0.069541,0.101851,0.08995,0.137226,0.089869,0.09,0.097448,0.113479,0.080383,0.08941,0.027372,0.069395,0.090042,0.108497
7.03125,1,0.041972,0.11991,0.095243,0.317828,0.129255,0.097149,0.092296,0.026492,0.094626,0.332606,0.258804,0.033578,0.065812,0.282705,0.33333,0.010062,0.021357,0.063514,0.069417,0.021714,0.011338,0.062047,0.056635,0.101136,0.087026,0.016112,0.018209,0.16747,0.062277,0.016009,0.006724
7.421875,1,0.015384,0.035508,0.042108,0.140532,0.017077,0.050892,0.05989,0.018273,0.140387,0.269995,0.195302,0.006149,0.098962,0.27831,0.219868,0.113788,0.106282,0.056821,0.087454,0.08878,0.095942,0.088281,0.090099,0.05028,0.047257,0.072779,0.095822,0.075346,0.085742,0.081734,0.096276
7.8125,1,0.004845,0.10087,0.045719,0.187864,0.041094,0.219671,0.271067,0.068645,0.013855,0.093116,0.383853,0.051744,0.004066,0.166122,0.312243,0.195343,0.151089,0.114288,0.204946,0.227019,0.173077,0.188696,0.209955,0.121035,0.08223,0.090892,0.196184,0.038567,0.092803,0.137286,0.198145
8.203125,1,0.005339,0.219849,0.142582,0.088207,0.030575,0.235329,0.190555,0.159626,0.018868,0.126104,0.470532,0.055336,0.032928,0.056752,0.170765,0.031827,0.027075,0.050353,0.062226,0.058395,0.04841,0.063064,0.059154,0.089417,0.100951,0.042285,0.058471,0.050481,0.035727,0.056445,0.052539
8.59375,1,0.005654,0.166126,0.103565,0.184334,0.026246,0.173996,0.133237,0.101306,0.081078,0.157257,0.511305,0.033695,0.018249,0.25973,0.353957,0.111277,0.11788,0.063576,0.074603,0.116862,0.122339,0.096655,0.094756,0.109668,0.098171,0.101348,0.124477,0.051504,0.093907,0.108849,0.133523
8.984375,1,0.017341,0.243896,0.230587,0.243436,0.083112,0.290619,0.238965,0.1168,0.040821,0.045597,0.323303,0.068853,0.042866,0.054773,0.233667,0.163242,0.163605,0.050645,0.100936,0.11489,0.151034,0.104793,0.118643,0.1074,0.111748,0.119558,0.157074,0.068292,0.128403,0.132408,0.191556
9.375,1,0.015751,0.248884,0.194458,0.179939,0.014208,0.290825,0.291396,0.094565,0.069711,0.10597,0.394874,0.058555,0.032035,0.094439,0.174344,0.103936,0.131345,0.019138,0.034262,0.041886,0.076543,0.025968,0.039138,0.022589,0.032128,0.087059,0.074466,0.106543,0.138768,0.068329,0.125871
9.765625,1,0.014067,0.195871,0.183983,0.054829,0.028193,0.242514,0.237088,0.079065,0.023276,0.115553,0.264894,0.047483,0.0533,0.102876,0.106508,0.114726,0.115753,0.102466,0.086031,0.097435,0.109696,0.089371,0.081632,0.043882,0.037756,0.100946,0.088063,0.111276,0.128206,0.096953,0.092031
10.15625,1,0.046629,0.153689,0.129801,0.08253,0.081544,0.209271,0.218597,0.102683,0.04793,0.164375,0.372805,0.027507,0.024988,0.105831,0.092074,0.075935,0.046635,0.150212,0.133354,0.125198,0.070081,0.116487,0.130725,0.085128,0.042812,0.034713,0.081019,0.058702,0.049033,0.042552,0.067688
10.546875,1,0.045217,0.074796,0.035935,0.093413,0.01987,0.119925,0.163583,0.071857,0.095959,0.10598,0.209038,0.030906,0.102863,0.132428,0.233265,0.056911,0.056405,0.021757,0.052222,0.030782,0.028356,0.030925,0.050533,0.013287,0.036127,0.015265,0.044623,0.009159,0.025617,0.020046,0.053159
10.9375,1,0.059762,0.067636,0.008034,0.110011,0.005582,0.172374,0.351628,0.075985,0.064508,0.105916,0.411131,0.053336,0.041343,0.134465,0.199298,0.012209,0.015655,0.006866,0.038743,0.00862,0.010881,0.012691,0.048943,0.015944,0.019168,0.00166,0.020821,0.02745,0.007784,0.005298,0.028775
11.328125,1,0.03102,0.205963,0.05957,0.099654,0.029907,0.288967,0.378148,0.152406,0.021618,0.113751,0.471452,0.013316,0.0358,0.12148,0.224874,0.076915,0.065414,0.066894,0.092247,0.093142,0.08244,0.074009,0.093004,0.089124,0.077904,0.065527,0.082764,0.015601,0.067092,0.066262,0.103868
11.71875,1,0.042716,0.050638,0.00167,0.015145,0.020476,0.196017,0.256032,0.070887,0.155253,0.13673,0.493672,0.087768,0.018501,0.227212,0.220836,0.110722,0.098467,0.081211,0.073736,0.098596,0.107189,0.078712,0.085729,0.042666,0.077726,0.082349,0.087052,0.059015,0.1009,0.069924,0.107836
12.109375,1,0.003066,0.101808,0.049121,0.098051,0.052158,0.144607,0.136206,0.046225,0.027802,0.120779,0.306747,0.02848,0.01609,0.121167,0.215809,0.119534,0.12591,0.017602,0.060273,0.094109,0.106538,0.070547,0.0859,0.037496,0.037769,0.087554,0.094721,0.063039,0.098013,0.092775,0.102305
12.5,1,0.035252,0.109196,0.078869,0.095949,0.009286,0.179424,0.157497,0.062809,0.006037,0.153157,0.270877,0.006378,0.030424,0.032533,0.226865,0.052544,0.058053,0.015563,0.048586,0.042016,0.046858,0.031033,0.049778,0.005675,0.005235,0.025058,0.040922,0.017149,0.034383,0.02745,0.050206
12.890625,1,0.011309,0.119749,0.143556,0.118358,0.046661,0.247368,0.220366,0.103386,0.219419,0.271983,0.338037,0.034616,0.145095,0.216773,0.196302,0.045462,0.04287,0.012472,0.013819,0.03339,0.017286,0.012999,0.01444,0.008203,0.004929,0.032894,0.024032,0.026865,0.046807,0.027217,0.031052
13.28125,1,0.00688,0.117414,0.085134,0.171848,0.039576,0.175274,0.201997,0.063637,0.137196,0.283778,0.380505,0.050454,0.121337,0.194816,0.282176,0.097704,0.088696,0.023065,0.036353,0.074721,0.072036,0.043075,0.044601,0.063604,0.065297,0.095633,0.079966,0.050155,0.117351,0.082676,0.127178
13.671875,1,0.039467,0.199825,0.16074,0.236637,0.135961,0.345131,0.353525,0.065319,0.128314,0.221061,0.283624,0.00812,0.121815,0.104579,0.183212,0.065202,0.070695,0.004816,0.023663,0.039481,0.05752,0.030956,0.027614,0.046178,0.028969,0.078234,0.054312,0.048217,0.097215,0.075252,0.06104
14.0625,1,0.01646,0.243957,0.223246,0.125529,0.060365,0.365417,0.261798,0.024893,0.005821,0.043114,0.250409,0.028024,0.016339,0.089031,0.176593,0.177551,0.181841,0.058498,0.094321,0.153704,0.157915,0.126271,0.116589,0.109771,0.09364,0.147521,0.17849,0.077965,0.152549,0.168862,0.192002
14.453125,1,0.041311,0.265751,0.274008,0.143429,0.048317,0.288284,0.224482,0.032384,0.042228,0.15149,0.228408,0.016921,0.020021,0.174968,0.233736,0.097736,0.085767,0.027483,0.02306,0.088505,0.085034,0.057006,0.035222,0.049035,0.044,0.116961,0.08077,0.069152,0.107152,0.116981,0.090177
14.84375,1,0.079183,0.182049,0.149401,0.113375,0.020755,0.199827,0.202742,0.028787,0.040194,0.074802,0.364834,0.003982,0.028261,0.189493,0.204128,0.163073,0.142675,0.047,0.066403,0.145153,0.099659,0.07713,0.074004,0.034091,0.029346,0.102992,0.110657,0.084161,0.118242,0.106523,0.143968
15.234375,1,0.035503,0.221621,0.190736,0.08814,0.060295,0.262837,0.261887,0.063393,0.012165,0.089711,0.34469,0.004122,0.003497,0.054985,0.177519,0.123971,0.121042,0.052092,0.051392,0.126925,0.103487,0.080204,0.061025,0.052299,0.063172,0.11054,0.100418,0.067446,0.113047,0.112599,0.120832
15.625,1,0.0423,0.222243,0.236352,0.076101,0.109878,0.230044,0.32554,0.118874,0.10691,0.086271,0.217362,0.0079,0.022893,0.144845,0.156148,0.125727,0.114617,0.131165,0.139323,0.116573,0.110586,0.137882,0.155602,0.061154,0.093059,0.034684,0.136324,0.001063,0.030748,0.068415,0.113718
16.015625,1,0.020522,0.212687,0.198479,0.102412,0.063441,0.149922,0.174324,0.062819,0.095998,0.146216,0.185028,0.002283,0.051843,0.090161,0.094079,0.077195,0.066907,0.078096,0.105457,0.083592,0.094312,0.099365,0.108591,0.050192,0.047203,0.030293,0.073991,0.01798,0.0354,0.037387,0.076913
16.40625,1,0.012931,0.271276,0.116248,0.087741,0.035843,0.345138,0.225012,0.025636,0.012205,0.083354,0.285646,0.008894,0.047885,0.106304,0.237919,0.092325,0.078415,0.104143,0.144858,0.100871,0.097898,0.086321,0.148114,0.049342,0.061985,0.032176,0.089317,0.024872,0.055554,0.042138,0.10092
16.796875,1,0.010052,0.214408,0.211816,0.197053,0.072299,0.358381,0.275973,0.015601,0.049238,0.109847,0.342711,0.018169,0.013752,0.057597,0.117077,0.029695,0.03817,0.044839,0.056312,0.016619,0.022578,0.029818,0.044176,0.018029,0.027792,0.010711,0.023454,0.011898,0.013373,0.010964,0.027243
17.1875,1,0.021055,0.126514,0.176894,0.176258,0.012543,0.237568,0.229482,0.049301,0.171704,0.166994,0.172064,0.01355,0.065827,0.34173,0.321336,0.045217,0.044931,0.051994,0.038159,0.035413,0.044461,0.034474,0.031212,0.037277,0.030722,0.020219,0.039211,0.01835,0.024416,0.025047,0.053887
17.578125,1,0.030476,0.299604,0.393785,0.328951,0.141563,0.422853,0.364196,0.036272,0.074528,0.071679,0.321777,0.067213,0.113715,0.078949,0.316526,0.04607,0.030034,0.121372,0.082411,0.058037,0.054869,0.059637,0.050708,0.042618,0.028037,0.009464,0.034606,0.005381,0.02281,0.009931,0.044658
17.96875,1,0.018155,0.272137,0.138157,0.108355,0.037322,0.311184,0.246766,0.147098,0.028143,0.100166,0.435123,0.002806,0.053411,0.192463,0.321871,0.1052,0.089771,0.082949,0.133331,0.137399,0.096976,0.113381,0.127441,0.101985,0.065777,0.073132,0.098775,0.043705,0.077696,0.087907,0.095394
18.359375,1,0.060485,0.186587,0.114893,0.046298,0.115594,0.153878,0.146554,0.103542,0.067936,0.085833,0.380463,0.013083,0.044071,0.160608,0.24114,0.138249,0.112955,0.10222,0.095463,0.14067,0.098063,0.11464,0.100451,0.080509,0.041712,0.107556,0.107397,0.084426,0.112455,0.102921,0.124402
18.75,1,0.061054,0.273501,0.297787,0.170103,0.158826,0.278438,0.327032,0.067825,0.039436,0.106953,0.331258,0.005821,0.019427,0.068724,0.183736,0.129182,0.131763,0.059648,0.043897,0.126897,0.103987,0.061565,0.04603,0.033717,0.02678,0.137871,0.106423,0.151562,0.15575,0.125887,0.131957
19.140625,1,0.056488,0.243808,0.175793,0.257569,0.067147,0.358855,0.339682,0.127942,0.048142,0.226116,0.495676,0.027864,0.019266,0.23091,0.360492,0.249463,0.229063,0.243137,0.287386,0.281654,0.251023,0.269921,0.273057,0.237609,0.227269,0.177558,0.241847,0.063074,0.183915,0.196182,0.26395
19.53125,1,0.027305,0.108976,0.038122,0.119076,0.038349,0.153902,0.182903,0.060346,0.139834,0.232957,0.408491,0.014727,0.095186,0.310143,0.360518,0.214098,0.21045,0.114898,0.212288,0.263592,0.300809,0.238017,0.211276,0.291312,0.301548,0.242528,0.250299,0.11917,0.237833,0.270178,0.267721
19.921875,1,0.019885,0.192622,0.118066,0.101322,0.027328,0.197995,0.22676,0.062458,0.035044,0.08365,0.3463,0.022879,0.055191,0.218229,0.217321,0.110094,0.08694,0.083777,0.069664,0.118271,0.080864,0.076546,0.058651,0.045764,0.02853,0.053831,0.078181,0.029791,0.069188,0.06592,0.122516
20.3125,1,0.009486,0.227898,0.182143,0.186173,0.100022,0.189478,0.190792,0.084911,0.0722,0.10184,0.375364,0.022018,0.087742,0.158232,0.25864,0.121036,0.106695,0.133445,0.113936,0.109364,0.107837,0.101422,0.090186,0.072038,0.100483,0.080655,0.078987,0.063094,0.116458,0.080389,0.101893
20.703125,1,0.02037,0.312429,0.155049,0.071543,0.055099,0.247674,0.26435,0.07196,0.063742,0.100835,0.2906,0.029965,0.046041,0.159783,0.224687,0.119095,0.111889,0.141317,0.099299,0.163062,0.125831,0.156005,0.099584,0.137173,0.108906,0.120026,0.165709,0.036488,0.091477,0.143792,0.148009
21.09375,1,0.009063,0.245938,0.096255,0.139922,0.082151,0.275955,0.294335,0.081922,0.074093,0.121251,0.44662,0.008601,0.092645,0.18059,0.282268,0.172712,0.135652,0.105488,0.126878,0.178707,0.114336,0.136227,0.114294,0.082307,0.062703,0.085812,0.135146,0.032701,0.079677,0.100578,0.128069
21.484375,1,0.164649,0.216001,0.175048,0.283829,0.047359,0.323072,0.325282,0.07476,0.088081,0.20512,0.353267,0.039118,0.231742,0.269907,0.294514,0.08433,0.080582,0.051123,0.125719,0.138315,0.10945,0.147819,0.153093,0.17572,0.13006,0.08427,0.136821,0.005232,0.060757,0.110599,0.103584
21.875,1,0.067895,0.140405,0.112185,0.110308,0.036982,0.197513,0.172293,0.091115,0.0731,0.218967,0.40454,0.035382,0.081337,0.194968,0.341037,0.057019,0.059329,0.118352,0.118059,0.044417,0.061029,0.085688,0.094512,0.065815,0.06521,0.022718,0.056395,0.003557,0.022464,0.032108,0.035404
22.265625,1,0.006237,0.242537,0.124109,0.242379,0.068063,0.298243,0.246207,0.110777,0.067689,0.28945,0.532018,0.043365,0.040828,0.179039,0.405967,0.151868,0.130749,0.154291,0.215995,0.193137,0.193995,0.211741,0.21277,0.238237,0.208684,0.093425,0.200621,0.031848,0.089776,0.150786,0.186024
22.65625,1,0.006362,0.184583,0.057836,0.274191,0.064742,0.218437,0.176728,0.07955,0.129484,0.147923,0.423356,0.012358,0.114968,0.292033,0.473426,0.14545,0.121553,0.150131,0.088862,0.183582,0.14532,0.139278,0.102265,0.172156,0.169017,0.096517,0.166515,0.054431,0.098876,0.128602,0.15717
23.046875,1,0.022529,0.287748,0.204908,0.218654,0.070596,0.373948,0.402457,0.112328,0.050595,0.155402,0.455466,0.000859,0.05188,0.153695,0.484197,0.044588,0.046234,0.061078,0.035791,0.061476,0.041218,0.045849,0.038843,0.092341,0.08606,0.033898,0.050258,0.056793,0.042667,0.039566,0.043176
23.4375,1,0.100763,0.335796,0.283101,0.217897,0.06972,0.414099,0.363596,0.049401,0.06361,0.07673,0.133252,0.00006630139,0.045838,0.097412,0.248564,0.05991,0.066179,0.029484,0.080293,0.049428,0.086171,0.037521,0.070039,0.046366,0.039028,0.065398,0.052772,0.088352,0.073801,0.059334,0.060289
23.828125,1,0.076111,0.257473,0.153146,0.120376,0.111225,0.291613,0.273026,0.043105,0.054003,0.184694,0.250517,0.015647,0.102772,0.12249,0.288352,0.02827,0.037475,0.013356,0.001003,0.012856,0.007587,0.002631,0.002403,0.017394,0.016125,0.019158,0.014611,0.022358,0.026575,0.018862,0.034104
24.21875,1,0.042025,0.283664,0.249178,0.15493,0.027851,0.325842,0.337762,0.104478,0.053314,0.073743,0.262798,0.034885,0.092312,0.099955,0.152544,0.131292,0.131982,0.004468,0.047617,0.129693,0.098361,0.035842,0.096744,0.052793,0.061676,0.147129,0.132558,0.106373,0.154152,0.132607,0.183351
24.609375,1,0.091849,0.107375,0.05373,0.022855,0.029382,0.155697,0.091638,0.034761,0.071854,0.336874,0.377398,0.095359,0.158446,0.126747,0.343299,0.04511,0.043597,0.027318,0.080668,0.08422,0.069763,0.074218,0.104261,0.07485,0.068835,0.040136,0.085009,0.063908,0.048762,0.049739,0.079933
25,1,0.046752,0.174355,0.110315,0.106139,0.017755,0.200328,0.167964,0.049178,0.139962,0.278071,0.48819,0.061221,0.152888,0.16343,0.381969,0.160683,0.143018,0.060026,0.067233,0.205242,0.178309,0.156636,0.108973,0.093395,0.067196,0.158737,0.174338,0.068244,0.10081,0.185138,0.181925
25.390625,1,0.092332,0.062882,0.058267,0.067812,0.017442,0.117424,0.143925,0.024846,0.140412,0.137369,0.125883,0.144726,0.20747,0.15391,0.110225,0.048004,0.03855,0.009781,0.012733,0.052945,0.047596,0.018292,0.006883,0.017888,0.017795,0.083514,0.02645,0.166672,0.096042,0.061979,0.044591
25.78125,1,0.051859,0.145157,0.105944,0.096192,0.051869,0.201278,0.23708,0.016633,0.161889,0.148255,0.240633,0.031731,0.198474,0.084544,0.147308,0.098062,0.098659,0.062973,0.079954,0.095914,0.087725,0.108049,0.096294,0.090411,0.103841,0.070994,0.13076,0.016842,0.037781,0.10821,0.107963
26.171875,1,0.018733,0.191093,0.166491,0.110367,0.051084,0.306034,0.25482,0.082693,0.075943,0.211882,0.328505,0.034428,0.147354,0.076582,0.210929,0.160751,0.117563,0.057716,0.110843,0.154829,0.121418,0.126981,0.132006,0.086913,0.09949,0.093231,0.118811,0.051196,0.080014,0.106923,0.123272
26.5625,1,0.037606,0.159625,0.106846,0.053936,0.001223,0.167902,0.182077,0.034869,0.064818,0.169006,0.326013,0.114194,0.136541,0.131073,0.256857,0.131799,0.099639,0.068933,0.125424,0.183233,0.123556,0.132876,0.173718,0.139012,0.152983,0.116313,0.149736,0.03349,0.096586,0.126236,0.163572
26.953125,1,0.042912,0.314762,0.19374,0.162407,0.029996,0.326334,0.306281,0.02945,0.094191,0.153027,0.334707,0.032151,0.13078,0.213527,0.263171,0.178939,0.153814,0.054804,0.113702,0.250043,0.163813,0.15095,0.160852,0.146117,0.106432,0.147115,0.224597,0.057686,0.121106,0.193194,0.210251
27.34375,1,0.082931,0.370564,0.208552,0.12787,0.065418,0.319086,0.227538,0.101706,0.130652,0.178004,0.421172,0.001477,0.082642,0.342722,0.447263,0.208476,0.215739,0.108206,0.133775,0.170806,0.145919,0.116227,0.13178,0.045734,0.060092,0.084563,0.128986,0.041693,0.113995,0.084588,0.161124
27.734375,1,0.059269,0.260506,0.157759,0.135811,0.028339,0.242752,0.197725,0.024879,0.113848,0.118654,0.37981,0.01238,0.083397,0.255563,0.469022,0.067906,0.068917,0.032462,0.051992,0.091248,0.077705,0.057905,0.044997,0.049993,0.102198,0.109734,0.080943,0.036043,0.102661,0.106897,0.100848
28.125,1,0.215277,0.287922,0.181864,0.184687,0.031206,0.380166,0.313546,0.056057,0.114989,0.20077,0.329314,0.032462,0.123811,0.272901,0.281447,0.2503,0.260862,0.022713,0.113435,0.202749,0.222925,0.129567,0.13987,0.071428,0.117884,0.181326,0.236474,0.06709,0.19625,0.194967,0.251427
28.515625,1,0.058369,0.120324,0.053579,0.053271,0.037224,0.1661,0.128835,0.034266,0.184089,0.333153,0.297708,0.017901,0.14715,0.29309,0.229067,0.087999,0.102089,0.020625,0.083504,0.105238,0.103403,0.084448,0.130274,0.05793,0.053202,0.045606,0.152942,0.010479,0.048331,0.060082,0.192181
28.90625,1,0.153206,0.081756,0.070053,0.061568,0.075719,0.158216,0.151546,0.027281,0.111976,0.09243,0.350039,0.069881,0.085141,0.175161,0.374952,0.089189,0.104143,0.068975,0.088664,0.097174,0.099871,0.084571,0.089454,0.068135,0.040313,0.053404,0.11774,0.042068,0.058825,0.062408,0.117202
29.296875,1,0.059311,0.165129,0.201561,0.073953,0.065894,0.214128,0.236092,0.04285,0.006852,0.019945,0.26411,0.003585,0.029321,0.08105,0.376375,0.15287,0.152275,0.068797,0.110643,0.184853,0.210499,0.174738,0.14928,0.091674,0.042284,0.096049,0.169324,0.067331,0.096613,0.11729,0.150143
29.6875,1,0.143869,0.203259,0.126981,0.092251,0.078604,0.215878,0.226685,0.036531,0.171587,0.146924,0.189999,0.12713,0.168177,0.150294,0.172263,0.087863,0.089499,0.048592,0.150147,0.13137,0.133216,0.1454,0.199604,0.087241,0.085209,0.042766,0.130892,0.030612,0.048318,0.058157,0.100964
30.078125,1,0.152855,0.209354,0.172155,0.083272,0.036118,0.283403,0.319647,0.047309,0.155471,0.265839,0.244184,0.070185,0.120233,0.232601,0.180784,0.114384,0.121273,0.064934,0.167186,0.114171,0.10497,0.170468,0.216962,0.081814,0.090119,0.022082,0.181646,0.033891,0.005928,0.062911,0.104604
30.46875,1,0.159709,0.222378,0.143342,0.080406,0.142302,0.395393,0.357763,0.121377,0.036432,0.148436,0.384304,0.206763,0.15667,0.254712,0.335366,0.194295,0.147504,0.099808,0.230246,0.263767,0.180408,0.255357,0.292071,0.143561,0.141188,0.076806,0.279552,0.004996,0.053829,0.130413,0.234188
30.859375,1,0.01683,0.168108,0.087179,0.043654,0.032492,0.208218,0.186572,0.025089,0.056074,0.118927,0.188805,0.08989,0.174497,0.150288,0.248666,0.115845,0.099108,0.099627,0.168662,0.216001,0.147283,0.179788,0.172614,0.11529,0.089239,0.146095,0.198133,0.092294,0.11825,0.18042,0.184731
31.25,1,0.123791,0.244738,0.250182,0.084104,0.072258,0.269755,0.315059,0.11403,0.030996,0.099417,0.347117,0.031816,0.134571,0.214673,0.405121,0.071561,0.114298,0.086629,0.080491,0.031119,0.05584,0.048923,0.057896,0.0046,0.008683,0.080211,0.068283,0.046162,0.081568,0.067736,0.068167
31.640625,1,0.084769,0.274834,0.223591,0.136114,0.07059,0.386469,0.342164,0.037725,0.167172,0.163089,0.324833,0.002828,0.145756,0.176782,0.324429,0.198071,0.21322,0.090215,0.150559,0.156026,0.175156,0.152862,0.181743,0.093113,0.098182,0.138152,0.176149,0.088296,0.136724,0.148088,0.163991
32.03125,1,0.156671,0.206692,0.190619,0.008335,0.097699,0.33597,0.367271,0.118547,0.038355,0.098857,0.306341,0.033459,0.161392,0.072038,0.214804,0.242334,0.263528,0.018861,0.114789,0.255755,0.233742,0.154832,0.17261,0.150109,0.140199,0.228001,0.249721,0.172389,0.258737,0.236681,0.2709
32.421875,1,0.063855,0.231299,0.173906,0.058731,0.138709,0.228838,0.192403,0.154908,0.016243,0.111859,0.261481,0.088776,0.126606,0.055943,0.254199,0.103403,0.101136,0.017884,0.11776,0.115845,0.092541,0.072029,0.134498,0.021251,0.03185,0.025781,0.094613,0.037966,0.0563,0.034317,0.11855
32.8125,1,0.02573,0.308639,0.240001,0.217113,0.074807,0.356568,0.346185,0.108762,0.031928,0.056909,0.396291,0.033755,0.130182,0.176867,0.35263,0.087799,0.081878,0.027872,0.12091,0.138069,0.116266,0.099895,0.173982,0.055042,0.03208,0.038085,0.123172,0.059782,0.049221,0.05402,0.13405
33.203125,1,0.061129,0.199096,0.110883,0.019413,0.01844,0.254937,0.316428,0.113001,0.162721,0.249302,0.368579,0.164069,0.133639,0.187158,0.358979,0.132343,0.168557,0.065498,0.029289,0.051921,0.089716,0.028785,0.035677,0.00451,0.027628,0.116088,0.041278,0.172468,0.160381,0.064861,0.054309
33.59375,1,0.046857,0.363393,0.276891,0.068401,0.010114,0.366806,0.431743,0.053284,0.019444,0.061679,0.346764,0.028133,0.14829,0.105366,0.269224,0.155758,0.153182,0.073687,0.15461,0.159496,0.127099,0.142645,0.175891,0.052024,0.023771,0.077289,0.169934,0.021764,0.05972,0.112044,0.172498
33.984375,1,0.016345,0.399962,0.342294,0.110912,0.071852,0.426006,0.427885,0.11308,0.01102,0.023702,0.324046,0.014857,0.070114,0.07279,0.256968,0.204143,0.191767,0.134258,0.119031,0.23256,0.196352,0.180302,0.154601,0.111847,0.083592,0.239315,0.219414,0.128866,0.233255,0.243512,0.27329
34.375,1,0.047963,0.376762,0.328569,0.199374,0.058617,0.393544,0.421518,0.143641,0.036592,0.062883,0.483751,0.042961,0.049459,0.088754,0.396547,0.164406,0.183645,0.153869,0.10902,0.197099,0.166816,0.196602,0.149788,0.164327,0.139986,0.197522,0.197119,0.090446,0.195061,0.204441,0.19792
34.765625,1,0.165998,0.363154,0.280714,0.050255,0.018786,0.470633,0.494847,0.191321,0.026185,0.074934,0.438402,0.084867,0.121172,0.19394,0.422625,0.115372,0.133386,0.084856,0.0837,0.126649,0.117949,0.105345,0.143782,0.131956,0.115085,0.120291,0.135305,0.070715,0.126085,0.122315,0.142738
35.15625,1,0.054943,0.409709,0.279677,0.146239,0.048389,0.476821,0.529248,0.264914,0.048783,0.118126,0.53034,0.039654,0.179875,0.294034,0.407659,0.290988,0.306175,0.116868,0.18824,0.299742,0.347293,0.257608,0.287691,0.24669,0.162509,0.293284,0.317207,0.157058,0.298598,0.30419,0.367856
35.546875,1,0.144536,0.498696,0.307503,0.122055,0.039574,0.617424,0.586122,0.331074,0.033032,0.293418,0.602208,0.129436,0.231148,0.159422,0.38204,0.257974,0.256129,0.037269,0.108989,0.272937,0.240584,0.159969,0.207982,0.130618,0.096605,0.256286,0.26599,0.155234,0.252115,0.258132,0.301746
35.9375,1,0.144362,0.3991,0.273496,0.054918,0.120805,0.413885,0.337228,0.259717,0.011652,0.060544,0.5475,0.109897,0.119577,0.096848,0.375109,0.120679,0.163185,0.124719,0.054423,0.091302,0.080629,0.075025,0.072245,0.036396,0.02548,0.15835,0.08101,0.164578,0.163446,0.122425,0.110516
36.328125,1,0.170652,0.377456,0.298077,0.10578,0.162445,0.460414,0.467379,0.176092,0.009133,0.04155,0.374009,0.084924,0.156359,0.126785,0.234873,0.25066,0.260985,0.167878,0.190323,0.243826,0.210652,0.222257,0.223917,0.14842,0.123484,0.236433,0.238709,0.089704,0.19572,0.243887,0.268516
36.71875,1,0.16821,0.353403,0.213839,0.235427,0.135941,0.48078,0.430679,0.186879,0.016445,0.103777,0.525203,0.090129,0.140366,0.189641,0.330575,0.388083,0.370198,0.113106,0.275686,0.345858,0.295411,0.282175,0.332871,0.171268,0.143659,0.27517,0.333935,0.122017,0.253963,0.287564,0.379466
37.109375,1,0.190717,0.420068,0.338786,0.128502,0.011554,0.498704,0.432112,0.30018,0.004293,0.110525,0.500088,0.009543,0.069802,0.232932,0.329109,0.314328,0.292042,0.04691,0.17372,0.30303,0.257579,0.218458,0.221619,0.120333,0.103774,0.220591,0.280144,0.126725,0.23207,0.238671,0.329598
37.5,1,0.062598,0.355746,0.286581,0.058821,0.011893,0.386671,0.333549,0.178977,0.046518,0.079881,0.442669,0.099409,0.105297,0.263205,0.255371,0.169804,0.149778,0.084967,0.157653,0.207843,0.191853,0.203723,0.188286,0.138046,0.140578,0.137894,0.208813,0.0195,0.115302,0.180079,0.20765
37.890625,1,0.074513,0.385339,0.251932,0.066754,0.088822,0.3956,0.335588,0.126782,0.075725,0.207751,0.462791,0.124465,0.095933,0.204366,0.470914,0.320611,0.300726,0.110166,0.30028,0.309051,0.29281,0.289984,0.325392,0.237412,0.225143,0.266208,0.312776,0.051518,0.214484,0.30243,0.344782
38.28125,1,0.094902,0.468787,0.357385,0.192644,0.064444,0.459419,0.437931,0.096402,0.029057,0.119059,0.518546,0.021573,0.091055,0.295615,0.451659,0.301794,0.267583,0.099046,0.296196,0.346358,0.269697,0.318124,0.355745,0.246969,0.177641,0.214662,0.340451,0.025759,0.162394,0.271409,0.326212
38.671875,1,0.041381,0.498956,0.343332,0.11886,0.001246,0.514333,0.45245,0.060812,0.046208,0.141737,0.447479,0.042741,0.024905,0.106662,0.23905,0.305149,0.259005,0.123021,0.252872,0.375391,0.297802,0.367464,0.333215,0.327876,0.275315,0.2938,0.357809,0.065025,0.228671,0.329567,0.334691
39.0625,1,0.118411,0.306452,0.212231,0.192754,0.01329,0.443323,0.337624,0.1093,0.129055,0.279357,0.476319,0.062258,0.218715,0.363186,0.553789,0.258538,0.245677,0.034329,0.228298,0.270285,0.255273,0.277448,0.311096,0.162037,0.155452,0.200576,0.292975,0.053684,0.177468,0.243986,0.279793
39.453125,1,0.138335,0.399444,0.287172,0.17414,0.05596,0.436664,0.395569,0.145041,0.042538,0.154079,0.426452,0.038886,0.200522,0.217741,0.368209,0.378478,0.366769,0.123331,0.265596,0.342667,0.281632,0.283505,0.290251,0.148258,0.097323,0.30753,0.285817,0.197513,0.317012,0.302243,0.318529
39.84375,1,0.183477,0.560861,0.437363,0.313035,0.074095,0.609892,0.545154,0.214312,0.058432,0.124195,0.441965,0.106758,0.200019,0.394034,0.316462,0.447944,0.443608,0.206229,0.400874,0.386344,0.323626,0.335741,0.405738,0.130662,0.175816,0.2895,0.318813,0.102402,0.310587,0.299733,0.369224
40.234375,1,0.075669,0.444625,0.404501,0.287973,0.071918,0.482925,0.478258,0.168741,0.121373,0.086961,0.348076,0.050072,0.257374,0.19733,0.226485,0.464593,0.470718,0.067237,0.22196,0.414185,0.409622,0.298551,0.329613,0.225229,0.157148,0.43592,0.377181,0.271159,0.460122,0.409087,0.382995
40.625,1,0.043816,0.444666,0.397468,0.30143,0.067182,0.494999,0.505,0.128074,0.108898,0.105469,0.406489,0.078749,0.205339,0.260472,0.265233,0.280481,0.251087,0.021869,0.099728,0.240611,0.191428,0.159367,0.195748,0.076984,0.053954,0.243008,0.252797,0.073366,0.196083,0.248454,0.245951
41.015625,1,0.101904,0.440926,0.348891,0.303641,0.028343,0.446482,0.449922,0.218051,0.131542,0.224347,0.556871,0.081489,0.163382,0.36377,0.330922,0.347887,0.338064,0.12365,0.140286,0.3541,0.257091,0.24589,0.265623,0.153239,0.084716,0.306306,0.306229,0.174621,0.284463,0.303781,0.296826
41.40625,1,0.37261,0.456184,0.382833,0.142053,0.17981,0.492594,0.41717,0.161825,0.016225,0.032104,0.4875,0.074678,0.06492,0.116435,0.319318,0.445463,0.420185,0.243463,0.384049,0.434095,0.374638,0.411681,0.426087,0.34509,0.274294,0.361562,0.41801,0.110138,0.305709,0.393782,0.391217
41.796875,1,0.177088,0.284657,0.313911,0.194037,0.109276,0.353539,0.332402,0.118812,0.018168,0.036288,0.299821,0.067273,0.102168,0.128962,0.296572,0.15854,0.179965,0.103879,0.182368,0.14761,0.141021,0.175204,0.222969,0.159246,0.167301,0.153854,0.179381,0.026284,0.117332,0.159222,0.176176
42.1875,1,0.081652,0.305794,0.293316,0.102829,0.065003,0.4164,0.389657,0.225186,0.02558,0.093809,0.358305,0.0978,0.254294,0.22807,0.304673,0.187657,0.169675,0.130915,0.145592,0.194375,0.152329,0.192688,0.190294,0.150564,0.157071,0.17616,0.18868,0.04553,0.166561,0.181308,0.180126
42.578125,1,0.117484,0.34278,0.351365,0.148591,0.078956,0.424613,0.481173,0.209863,0.023747,0.081869,0.461669,0.088946,0.225519,0.174231,0.330176,0.174331,0.164301,0.049809,0.150564,0.215615,0.171071,0.188894,0.207947,0.157689,0.171558,0.176688,0.226655,0.040295,0.148734,0.19645,0.229181
42.96875,1,0.28695,0.269912,0.148356,0.069831,0.233521,0.341065,0.429368,0.131493,0.08977,0.260646,0.390273,0.119375,0.47723,0.361707,0.347866,0.292327,0.274774,0.025123,0.124247,0.317878,0.282025,0.20634,0.230173,0.221617,0.163835,0.338513,0.363525,0.146626,0.332071,0.351789,0.372192
43.359375,1,0.169447,0.431083,0.373263,0.220326,0.063667,0.443046,0.497213,0.285386,0.1006,0.3501,0.499133,0.096707,0.224373,0.253333,0.334832,0.435904,0.403676,0.101747,0.337335,0.468474,0.406954,0.387862,0.400623,0.353655,0.24657,0.43338,0.457406,0.105451,0.373362,0.461202,0.496977
43.75,1,0.125249,0.57777,0.461909,0.269819,0.019975,0.55223,0.564443,0.230566,0.017777,0.1813,0.639327,0.035504,0.076506,0.194629,0.356215,0.372835,0.369688,0.039898,0.288076,0.390259,0.326185,0.343982,0.359563,0.291328,0.216439,0.362693,0.381002,0.096499,0.331246,0.379622,0.409781
44.140625,1,0.098069,0.375235,0.416735,0.196684,0.007392,0.413475,0.368783,0.122451,0.007473,0.038285,0.556278,0.041169,0.108769,0.192339,0.254263,0.272339,0.251479,0.129301,0.245345,0.247578,0.233802,0.258378,0.250062,0.240043,0.244197,0.260861,0.282871,0.043865,0.227601,0.27848,0.298165
44.53125,1,0.081107,0.425763,0.308686,0.250521,0.042126,0.456008,0.476642,0.189669,0.016272,0.135488,0.563218,0.069977,0.161008,0.241901,0.39414,0.229298,0.241398,0.051365,0.202395,0.271256,0.240044,0.212052,0.239327,0.206574,0.200209,0.256877,0.263197,0.054378,0.242295,0.264827,0.292706
44.921875,1,0.194695,0.424679,0.323908,0.155538,0.027793,0.462152,0.503757,0.173467,0.024774,0.107907,0.354312,0.153755,0.260903,0.270247,0.235747,0.236225,0.212532,0.016943,0.181434,0.304787,0.224349,0.246916,0.270088,0.220852,0.136801,0.250834,0.29627,0.020466,0.190187,0.299734,0.288996
45.3125,1,0.171158,0.412435,0.29107,0.117599,0.057219,0.398792,0.432316,0.147129,0.048853,0.092937,0.380316,0.190369,0.22037,0.264491,0.310676,0.328139,0.28735,0.022153,0.217979,0.294015,0.30212,0.277995,0.323307,0.229689,0.175468,0.297758,0.331116,0.038113,0.235639,0.320282,0.336298
45.703125,1,0.052926,0.299583,0.18279,0.187289,0.04287,0.397203,0.352856,0.103178,0.135265,0.259748,0.344057,0.077453,0.370803,0.272944,0.309948,0.458592,0.411473,0.042696,0.25517,0.351129,0.345042,0.317311,0.31534,0.218946,0.178786,0.366847,0.368436,0.140118,0.349954,0.366709,0.395722
46.09375,1,0.060045,0.389853,0.319682,0.176431,0.063255,0.501885,0.503879,0.259137,0.026487,0.188783,0.33403,0.068455,0.083218,0.158915,0.329422,0.593807,0.60493,0.138668,0.380534,0.532302,0.508775,0.44388,0.448553,0.364835,0.313423,0.596261,0.519063,0.179225,0.560942,0.576605,0.540864
46.484375,1,0.218033,0.4714,0.415959,0.224684,0.149368,0.534206,0.530301,0.216762,0.049911,0.124187,0.436459,0.080708,0.277239,0.176028,0.391031,0.40806,0.404679,0.052678,0.256102,0.415178,0.38309,0.288009,0.317647,0.28243,0.254923,0.408322,0.411388,0.133392,0.394465,0.416509,0.441265
46.875,1,0.234912,0.611524,0.404136,0.197882,0.077176,0.674416,0.670561,0.421606,0.012938,0.138719,0.657173,0.220483,0.262995,0.246488,0.514511,0.408721,0.38783,0.216743,0.454593,0.451173,0.410009,0.464771,0.503316,0.441382,0.512195,0.355199,0.511412,0.010184,0.271974,0.433479,0.492027
47.265625,1,0.169479,0.531849,0.381201,0.2349,0.145529,0.514612,0.545452,0.241687,0.019665,0.1191,0.564139,0.140905,0.168991,0.177639,0.436563,0.340494,0.328704,0.067466,0.275839,0.340231,0.315781,0.279281,0.34806,0.263977,0.23966,0.321896,0.358415,0.063044,0.288475,0.332738,0.381049
47.65625,1,0.220786,0.656305,0.552764,0.350619,0.229363,0.636192,0.638068,0.377276,0.016752,0.14814,0.611003,0.194553,0.192629,0.312579,0.432836,0.49561,0.503041,0.068421,0.351993,0.487164,0.468013,0.419021,0.432694,0.37659,0.370467,0.49499,0.503105,0.139824,0.448046,0.50723,0.520506
48.046875,1,0.312457,0.629842,0.557472,0.176507,0.224135,0.611483,0.599001,0.325005,0.016471,0.231082,0.497115,0.145994,0.243842,0.323182,0.307002,0.488015,0.439845,0.151083,0.466659,0.518342,0.464269,0.472355,0.489286,0.415661,0.383522,0.453584,0.483985,0.138215,0.425812,0.467962,0.520296
48.4375,1,0.188318,0.419044,0.308072,0.092112,0.145325,0.412495,0.380251,0.21507,0.016817,0.188419,0.412946,0.122883,0.180998,0.248929,0.305191,0.412143,0.397169,0.278879,0.444156,0.465834,0.442953,0.449109,0.466792,0.450942,0.412287,0.410539,0.455326,0.056679,0.359194,0.438263,0.45496
48.828125,1,0.243251,0.447932,0.281159,0.190012,0.223088,0.437909,0.466102,0.185662,0.05003,0.172501,0.555303,0.237978,0.447008,0.194632,0.526227,0.519196,0.528203,0.123477,0.38957,0.46929,0.435944,0.407818,0.45198,0.340537,0.308235,0.450956,0.478302,0.094937,0.423799,0.480142,0.489062
49.21875,1,0.258706,0.557949,0.466969,0.194151,0.273444,0.576049,0.553076,0.357061,0.002174,0.080308,0.574259,0.149052,0.15036,0.266944,0.534341,0.479021,0.489974,0.039434,0.308182,0.421895,0.427396,0.346989,0.422793,0.290225,0.306278,0.475396,0.482102,0.064555,0.429735,0.481507,0.519518
49.609375,1,0.137639,0.458601,0.310601,0.19056,0.142046,0.493146,0.454719,0.229417,0.045516,0.065583,0.522789,0.075965,0.119196,0.210906,0.390606,0.268205,0.294013,0.085533,0.226311,0.274624,0.334499,0.301059,0.345113,0.285423,0.341546,0.304072,0.384317,0.012853,0.247273,0.354685,0.395141
50,1,0.144074,0.483366,0.411567,0.068772,0.133179,0.496275,0.467871,0.227147,0.03949,0.021416,0.595317,0.314153,0.255005,0.075443,0.398415,0.480489,0.450659,0.223172,0.368714,0.462525,0.439335,0.385178,0.435798,0.321769,0.254392,0.434227,0.477233,0.115839,0.419788,0.4643,0.487052
50.390625,1,0.18031,0.34963,0.341324,0.056911,0.126165,0.364546,0.327729,0.209045,0.023617,0.077696,0.49958,0.244415,0.152286,0.188353,0.424394,0.413108,0.405251,0.22972,0.322788,0.416371,0.391635,0.33668,0.353345,0.264428,0.197708,0.392245,0.373758,0.239712,0.42166,0.382975,0.393183
50.78125,1,0.29338,0.436381,0.330821,0.215018,0.237599,0.535076,0.484458,0.162333,0.031107,0.129374,0.652287,0.152539,0.081968,0.154594,0.579171,0.357427,0.416256,0.122083,0.234709,0.28264,0.329914,0.283703,0.323116,0.143594,0.177815,0.308969,0.348736,0.078632,0.293343,0.330171,0.337572
51.171875,1,0.168013,0.445036,0.305076,0.095259,0.108808,0.394953,0.436491,0.249098,0.022008,0.106139,0.500316,0.155696,0.193656,0.241498,0.509308,0.250198,0.256262,0.067875,0.209285,0.245176,0.220712,0.22531,0.25888,0.169419,0.20017,0.239721,0.267817,0.021677,0.223694,0.246665,0.260737
51.5625,1,0.102118,0.430822,0.372723,0.13188,0.156415,0.490227,0.457925,0.300784,0.006156,0.070482,0.483098,0.062637,0.135479,0.126687,0.36136,0.487072,0.471325,0.15675,0.400184,0.489877,0.434401,0.442074,0.471754,0.398093,0.378946,0.470912,0.508037,0.070856,0.425913,0.499633,0.512875
51.953125,1,0.074393,0.359354,0.296887,0.202133,0.022706,0.427803,0.437821,0.231404,0.010694,0.115927,0.584857,0.065142,0.136312,0.185931,0.416938,0.314825,0.31179,0.029209,0.172342,0.268122,0.256719,0.218629,0.267553,0.151559,0.158454,0.27281,0.320388,0.04612,0.24204,0.303203,0.321074
52.34375,1,0.118179,0.508922,0.439573,0.139232,0.065943,0.52482,0.556757,0.314631,0.062032,0.067988,0.476026,0.032169,0.061026,0.168041,0.324896,0.375461,0.376974,0.047999,0.183509,0.245279,0.322521,0.23361,0.296837,0.165495,0.19112,0.328734,0.34982,0.063578,0.314248,0.334232,0.356089
52.734375,1,0.10634,0.490349,0.412029,0.171649,0.105371,0.516825,0.454272,0.285934,0.046143,0.095791,0.429667,0.028641,0.118384,0.259541,0.383496,0.509927,0.505615,0.054963,0.276643,0.389953,0.432631,0.356802,0.398503,0.237669,0.233885,0.447809,0.483124,0.043869,0.397884,0.48032,0.484753
53.125,1,0.139099,0.442389,0.380506,0.236776,0.12261,0.523314,0.464321,0.200427,0.069665,0.161639,0.455118,0.085545,0.198377,0.280595,0.382938,0.340038,0.321904,0.021874,0.187887,0.278738,0.264105,0.215888,0.258377,0.177163,0.165203,0.322575,0.312398,0.073753,0.311526,0.319431,0.343522
53.515625,1,0.176092,0.479431,0.449283,0.172223,0.076793,0.542816,0.533961,0.262876,0.023691,0.077907,0.562721,0.064014,0.140433,0.285546,0.413394,0.446374,0.419186,0.034513,0.269977,0.413132,0.397364,0.333459,0.376585,0.306658,0.240305,0.452909,0.445437,0.139946,0.420858,0.443222,0.461812
53.90625,1,0.190036,0.613767,0.593978,0.254011,0.113119,0.644011,0.619493,0.452545,0.00791,0.111818,0.557269,0.119591,0.176217,0.19437,0.476083,0.420327,0.433145,0.020221,0.267118,0.35244,0.364011,0.288035,0.384806,0.255123,0.263128,0.396245,0.430642,0.092817,0.373615,0.391598,0.430023
54.296875,1,0.242005,0.596012,0.490835,0.320986,0.0659,0.59765,0.559951,0.444759,0.038746,0.25821,0.661308,0.129361,0.181062,0.315854,0.559548,0.541793,0.549569,0.01139,0.29239,0.454464,0.447536,0.342938,0.468193,0.303164,0.340261,0.517943,0.538544,0.103328,0.46949,0.543093,0.556868
54.6875,1,0.248549,0.676024,0.554689,0.345479,0.183276,0.699695,0.679367,0.480676,0.09666,0.29304,0.701628,0.272569,0.561976,0.488815,0.584948,0.569755,0.560832,0.061367,0.302608,0.470043,0.494655,0.373465,0.449759,0.338783,0.312159,0.563154,0.570411,0.143026,0.529052,0.546259,0.603275
55.078125,1,0.283343,0.732387,0.667224,0.376033,0.257618,0.74584,0.695269,0.566115,0.107403,0.145185,0.716143,0.435027,0.425212,0.453743,0.643351,0.591777,0.625239,0.061329,0.278645,0.487116,0.528408,0.358481,0.442489,0.325405,0.331645,0.648137,0.565396,0.454265,0.68639,0.596965,0.61132
55.46875,1,0.380344,0.658491,0.543718,0.198272,0.243292,0.636435,0.551095,0.432285,0.034856,0.119015,0.639276,0.227783,0.300685,0.281914,0.516698,0.548864,0.582344,0.058691,0.353764,0.456597,0.477177,0.415505,0.488539,0.383714,0.377411,0.559473,0.532897,0.209949,0.560581,0.546857,0.547493
55.859375,1,0.293154,0.588061,0.479148,0.10016,0.13019,0.533774,0.495013,0.258057,0.048088,0.055479,0.599599,0.176766,0.244026,0.161542,0.257266,0.478937,0.506037,0.015671,0.179927,0.350446,0.337685,0.258497,0.288672,0.219179,0.211435,0.514063,0.3968,0.296601,0.529711,0.438236,0.447893
56.25,1,0.170357,0.579568,0.498997,0.353631,0.152951,0.595744,0.594549,0.413376,0.025955,0.074382,0.589084,0.12405,0.250559,0.200414,0.450937,0.540397,0.589876,0.082355,0.252116,0.399587,0.424786,0.33068,0.411406,0.266539,0.339532,0.568314,0.501301,0.209722,0.570016,0.528793,0.546218
56.640625,1,0.323345,0.64934,0.6278,0.292598,0.145063,0.712915,0.751757,0.586,0.151133,0.135695,0.660545,0.377619,0.389302,0.363521,0.54126,0.746973,0.777354,0.149248,0.459961,0.600716,0.630641,0.538062,0.601684,0.470374,0.510709,0.718818,0.700855,0.256553,0.694053,0.710533,0.724832
57.03125,1,0.240033,0.59748,0.533717,0.297453,0.117917,0.601102,0.536158,0.302606,0.045889,0.056591,0.673931,0.258508,0.18718,0.279168,0.536983,0.465686,0.457232,0.142724,0.29935,0.367529,0.390937,0.336416,0.365286,0.272389,0.292383,0.434108,0.455845,0.089607,0.375814,0.432802,0.452299
57.421875,1,0.293472,0.545129,0.484746,0.194845,0.346376,0.544112,0.461147,0.268628,0.03872,0.11702,0.544933,0.19357,0.233912,0.115966,0.453856,0.47484,0.480969,0.081136,0.257996,0.333796,0.356085,0.266525,0.32683,0.219431,0.235093,0.460352,0.419692,0.119414,0.462122,0.424166,0.470425
57.8125,1,0.21899,0.642326,0.584754,0.347767,0.103816,0.612604,0.614208,0.358389,0.010439,0.095602,0.680641,0.292765,0.20714,0.162736,0.529906,0.557424,0.593257,0.227253,0.344078,0.448309,0.491584,0.382381,0.427976,0.345028,0.363038,0.571768,0.538145,0.161416,0.563771,0.546752,0.56932
58.203125,1,0.207819,0.578169,0.523558,0.224668,0.184232,0.530647,0.529471,0.400333,0.059907,0.110316,0.641206,0.296055,0.155081,0.167997,0.465673,0.558151,0.562594,0.117136,0.369961,0.498793,0.496091,0.417064,0.468312,0.42549,0.40685,0.581261,0.553153,0.09208,0.53871,0.573674,0.581895
58.59375,1,0.401205,0.481092,0.446809,0.313752,0.291332,0.543641,0.534953,0.372407,0.012013,0.181071,0.630228,0.23383,0.19806,0.257283,0.512078,0.656513,0.607427,0.162876,0.431141,0.606639,0.585615,0.518166,0.57165,0.488067,0.389371,0.604777,0.600312,0.206914,0.565116,0.616653,0.615248
58.984375,1,0.260036,0.651279,0.500903,0.234543,0.184248,0.67381,0.625199,0.522515,0.124342,0.062095,0.674466,0.277609,0.371323,0.238976,0.361882,0.597236,0.593848,0.1206,0.293838,0.54023,0.531742,0.404011,0.474249,0.370781,0.335819,0.61394,0.590652,0.336884,0.57717,0.607607,0.619492
59.375,1,0.245927,0.630427,0.537124,0.198562,0.154358,0.643117,0.628303,0.506627,0.234042,0.050082,0.734475,0.235078,0.306352,0.295826,0.535555,0.593561,0.592,0.040648,0.244992,0.49639,0.504042,0.355561,0.427454,0.330611,0.250761,0.647442,0.555385,0.317056,0.609445,0.587683,0.596769
59.765625,1,0.241816,0.633513,0.543274,0.296763,0.095593,0.730088,0.70236,0.493427,0.034151,0.094396,0.716201,0.10303,0.109944,0.115244,0.11533,0.522386,0.510078,0.119167,0.306563,0.450889,0.494473,0.407571,0.435505,0.364337,0.339576,0.526215,0.541277,0.148744,0.484802,0.53758,0.5178
60.15625,1,0.199392,0.455208,0.411034,0.203726,0.039609,0.525004,0.492175,0.308265,0.031676,0.05405,0.506673,0.133844,0.180821,0.087578,0.11442,0.453705,0.452222,0.164657,0.226456,0.365795,0.413332,0.308692,0.350942,0.289817,0.254137,0.469265,0.466907,0.181774,0.458837,0.468662,0.460002
60.546875,1,0.255317,0.55821,0.453652,0.178268,0.108666,0.553998,0.477266,0.370158,0.090595,0.081498,0.588666,0.262207,0.264971,0.2855,0.478437,0.533057,0.522241,0.208688,0.338338,0.461961,0.480258,0.356849,0.416549,0.320945,0.316732,0.548685,0.477911,0.147293,0.533875,0.502472,0.528111
60.9375,1,0.255223,0.638173,0.530799,0.259967,0.186385,0.595724,0.565719,0.484132,0.110748,0.095127,0.650726,0.375187,0.363324,0.315805,0.480894,0.429078,0.459871,0.122772,0.235567,0.302163,0.347365,0.241518,0.325985,0.20899,0.206338,0.44284,0.393844,0.217866,0.438602,0.435891,0.41883
61.328125,1,0.047681,0.559667,0.444477,0.233151,0.101142,0.562852,0.548309,0.312252,0.056929,0.075073,0.631525,0.171564,0.187304,0.236071,0.319437,0.331317,0.349559,0.250192,0.258305,0.268108,0.281633,0.252364,0.322361,0.254827,0.261795,0.359008,0.331768,0.098437,0.31301,0.364159,0.371792
61.71875,1,0.234839,0.688152,0.574396,0.36661,0.191475,0.719125,0.701978,0.523451,0.147531,0.034946,0.793873,0.221402,0.20277,0.19789,0.551795,0.595557,0.617094,0.272983,0.428849,0.524595,0.530771,0.467442,0.524329,0.412734,0.431269,0.603541,0.582437,0.25013,0.585212,0.585152,0.587554
62.109375,1,0.256252,0.562325,0.513699,0.340906,0.104121,0.633459,0.565745,0.425615,0.028251,0.106455,0.687704,0.25314,0.192629,0.228166,0.636382,0.508563,0.529165,0.145994,0.322732,0.455705,0.498684,0.377273,0.444827,0.382934,0.404739,0.58276,0.528712,0.255611,0.566728,0.556704,0.553292
62.5,1,0.093394,0.449766,0.314919,0.140788,0.127215,0.454949,0.423862,0.309606,0.061738,0.057853,0.636333,0.15265,0.15432,0.290145,0.490474,0.451348,0.45517,0.175426,0.273613,0.374056,0.385396,0.339661,0.37246,0.290594,0.240174,0.482554,0.411413,0.191842,0.477842,0.463125,0.456639
62.890625,1,0.152274,0.656359,0.559558,0.345616,0.443925,0.707856,0.604035,0.479835,0.106865,0.145307,0.712932,0.308543,0.121033,0.125093,0.511271,0.556217,0.538402,0.157354,0.317054,0.420403,0.426021,0.357127,0.402814,0.309734,0.308026,0.519995,0.474015,0.178005,0.506294,0.507335,0.511989
63.28125,1,0.106768,0.565996,0.56505,0.272994,0.199144,0.656635,0.56998,0.395386,0.03856,0.136221,0.719633,0.250466,0.108529,0.126859,0.508067,0.482079,0.503971,0.026108,0.199343,0.321795,0.323779,0.232448,0.333042,0.220295,0.230697,0.460122,0.445743,0.108648,0.438633,0.456722,0.493601
63.671875,1,0.303865,0.471829,0.352843,0.115247,0.261669,0.459624,0.401337,0.265236,0.049873,0.117434,0.604071,0.181351,0.103676,0.126442,0.295307,0.459679,0.47141,0.049369,0.213493,0.345792,0.310038,0.26136,0.309869,0.193772,0.165201,0.427683,0.379841,0.149033,0.437093,0.41354,0.426289
64.0625,1,0.279206,0.470627,0.36524,0.135594,0.246824,0.510831,0.435112,0.212041,0.007728,0.126343,0.415188,0.197208,0.118185,0.176315,0.286862,0.324348,0.315316,0.054931,0.210494,0.295792,0.288669,0.249647,0.297717,0.193977,0.246028,0.343738,0.33059,0.056585,0.267408,0.3358,0.347149
64.453125,1,0.268441,0.519647,0.488374,0.236341,0.157526,0.595152,0.540204,0.431601,0.05421,0.059247,0.585537,0.18861,0.120194,0.177506,0.431321,0.498785,0.498725,0.171842,0.323846,0.44416,0.456691,0.425623,0.451728,0.349422,0.370721,0.502849,0.501089,0.150127,0.45873,0.488695,0.494057
64.84375,1,0.169479,0.601904,0.441404,0.263596,0.298593,0.533464,0.545343,0.345426,0.021624,0.045005,0.596172,0.164676,0.109763,0.168692,0.362116,0.521728,0.521579,0.098388,0.323709,0.438448,0.4434,0.390527,0.433461,0.334256,0.337886,0.52192,0.511573,0.158183,0.488987,0.511744,0.537956
65.234375,1,0.179366,0.576487,0.429985,0.178842,0.20197,0.501535,0.538945,0.370798,0.04973,0.023811,0.528969,0.227675,0.044909,0.052625,0.368724,0.360866,0.388349,0.093461,0.085108,0.220657,0.214886,0.124403,0.191579,0.127777,0.115058,0.377897,0.326858,0.178641,0.395795,0.336371,0.36375
65.625,1,0.09715,0.424889,0.376131,0.160491,0.040344,0.481038,0.475696,0.232642,0.046944,0.032471,0.458106,0.118324,0.062269,0.060095,0.2784,0.344193,0.391721,0.130462,0.171797,0.259628,0.25998,0.198494,0.253862,0.181582,0.17861,0.365835,0.299216,0.206903,0.407977,0.332579,0.314575
66.015625,1,0.091512,0.423821,0.354601,0.286681,0.171951,0.504015,0.456388,0.162991,0.053918,0.131517,0.49776,0.12197,0.064433,0.07718,0.342575,0.483168,0.505494,0.07646,0.224034,0.348983,0.363176,0.292633,0.335174,0.255111,0.208922,0.492327,0.446192,0.099277,0.481874,0.481357,0.490605
66.40625,1,0.08851,0.405548,0.244196,0.096983,0.104329,0.4794,0.466802,0.197732,0.152031,0.055033,0.422282,0.110269,0.068446,0.064355,0.34533,0.353272,0.422938,0.107621,0.069638,0.204347,0.149853,0.108626,0.138881,0.052413,0.034657,0.350003,0.26212,0.150406,0.364379,0.292917,0.309359
66.796875,1,0.111112,0.623615,0.542327,0.179165,0.185159,0.589495,0.583265,0.453996,0.14266,0.060193,0.549141,0.216933,0.173101,0.0398,0.260229,0.577654,0.582918,0.022479,0.262637,0.464772,0.471761,0.339154,0.411824,0.308374,0.268086,0.614778,0.52892,0.184268,0.588624,0.563598,0.580559
67.1875,1,0.066113,0.57371,0.41829,0.249331,0.134844,0.488617,0.538984,0.315593,0.074717,0.202307,0.512652,0.11141,0.113352,0.060585,0.339102,0.355449,0.362309,0.159585,0.22249,0.275138,0.268136,0.234022,0.285554,0.171336,0.183245,0.322903,0.329559,0.081284,0.311438,0.320764,0.315143
67.578125,1,0.194143,0.500459,0.4018,0.292735,0.197041,0.548985,0.511023,0.291305,0.073486,0.063135,0.484965,0.150344,0.218028,0.126737,0.328039,0.314119,0.35177,0.185819,0.149637,0.219369,0.217564,0.165124,0.192547,0.103141,0.118982,0.333352,0.232491,0.181984,0.355833,0.276934,0.283755
67.96875,1,0.158896,0.637755,0.543184,0.259627,0.282683,0.630973,0.554117,0.43184,0.022104,0.015348,0.590738,0.223092,0.078932,0.109066,0.4779,0.406037,0.45106,0.158194,0.132345,0.240598,0.307765,0.179146,0.245349,0.120677,0.125812,0.443334,0.342675,0.258401,0.458141,0.382177,0.392213
68.359375,1,0.070455,0.541889,0.462795,0.035657,0.185675,0.571302,0.575632,0.484618,0.029931,0.015102,0.475296,0.20139,0.038037,0.030519,0.259483,0.524015,0.550084,0.148247,0.219887,0.38905,0.422763,0.281489,0.339209,0.249345,0.23069,0.525629,0.465834,0.279307,0.542709,0.480105,0.503948
68.75,1,0.110661,0.624025,0.562861,0.226695,0.188555,0.587067,0.581157,0.339457,0.049668,0.068401,0.480869,0.19194,0.090452,0.054565,0.428274,0.406932,0.441103,0.070596,0.163653,0.237606,0.281921,0.197973,0.246057,0.117082,0.126026,0.382134,0.322514,0.106873,0.384314,0.340166,0.339062
69.140625,1,0.24008,0.604736,0.596127,0.290658,0.211899,0.584077,0.573311,0.472996,0.06781,0.163582,0.592879,0.113933,0.146836,0.149642,0.507737,0.435931,0.495474,0.077161,0.125782,0.304101,0.335951,0.182471,0.244965,0.159907,0.140232,0.507275,0.386034,0.237698,0.517337,0.449106,0.469541
69.53125,1,0.239977,0.529509,0.45962,0.215654,0.096614,0.485556,0.468046,0.225172,0.013614,0.151931,0.435444,0.110423,0.0818,0.105645,0.245349,0.374958,0.413498,0.043724,0.103244,0.277684,0.30066,0.172061,0.227662,0.139771,0.157396,0.429551,0.353483,0.17833,0.437793,0.408685,0.417749
69.921875,1,0.041821,0.484526,0.418421,0.240472,0.0638,0.443461,0.446983,0.214148,0.029789,0.123712,0.477068,0.018354,0.007068,0.065966,0.253792,0.363643,0.356918,0.029076,0.137324,0.269119,0.250152,0.177938,0.244635,0.17052,0.151944,0.359572,0.310043,0.072083,0.335986,0.342414,0.374805
70.3125,1,0.083866,0.470032,0.398484,0.29029,0.061133,0.572052,0.547562,0.357606,0.032649,0.200612,0.625183,0.112937,0.017596,0.244426,0.452779,0.395298,0.458774,0.014469,0.201487,0.282313,0.29489,0.229586,0.332943,0.136424,0.159483,0.334372,0.373067,0.049463,0.307261,0.340184,0.379625
70.703125,1,0.067149,0.459961,0.394453,0.277441,0.152791,0.497765,0.437984,0.20099,0.105346,0.05004,0.512362,0.11769,0.099687,0.134703,0.344371,0.32733,0.342406,0.104101,0.116952,0.195159,0.17924,0.127347,0.187987,0.068114,0.055271,0.274402,0.267092,0.116079,0.260081,0.256819,0.269951
71.09375,1,0.152612,0.486486,0.314057,0.270081,0.278295,0.503104,0.35913,0.184218,0.10884,0.040854,0.386492,0.143154,0.194175,0.033867,0.311719,0.168043,0.166832,0.026941,0.070713,0.142572,0.096938,0.075078,0.136413,0.051694,0.068175,0.163083,0.172104,0.012365,0.106866,0.177737,0.181902
71.484375,1,0.087458,0.519274,0.330526,0.434996,0.170529,0.488553,0.339821,0.231862,0.012604,0.11624,0.493524,0.047227,0.056331,0.066788,0.48953,0.385937,0.390825,0.023979,0.219793,0.316748,0.294208,0.259334,0.331124,0.208149,0.183707,0.350602,0.343637,0.079563,0.295727,0.368787,0.34233
71.875,1,0.067173,0.520282,0.410087,0.321233,0.154453,0.51282,0.433098,0.355635,0.041708,0.150259,0.574521,0.126795,0.048772,0.141148,0.448777,0.422678,0.423578,0.075062,0.272941,0.373863,0.367848,0.317675,0.395059,0.248385,0.212417,0.427888,0.426001,0.046601,0.355353,0.441079,0.439231
72.265625,1,0.223795,0.459362,0.471512,0.172921,0.233838,0.443938,0.389802,0.198786,0.06673,0.074562,0.430284,0.084916,0.014624,0.07122,0.196814,0.30005,0.36846,0.112448,0.167518,0.184167,0.250293,0.161286,0.233266,0.122875,0.115356,0.287038,0.264901,0.087287,0.289476,0.283197,0.299297
72.65625,1,0.084683,0.491491,0.443576,0.178858,0.108629,0.534967,0.485273,0.255745,0.128203,0.095212,0.528162,0.124305,0.053726,0.047272,0.285949,0.337769,0.368308,0.084634,0.260142,0.304689,0.323499,0.28543,0.340981,0.227052,0.218947,0.305524,0.351196,0.065917,0.251112,0.330886,0.353857
73.046875,1,0.015815,0.499975,0.380991,0.139758,0.065459,0.511658,0.423785,0.221543,0.01498,0.010618,0.508408,0.146015,0.078075,0.0771,0.227336,0.34072,0.356983,0.016619,0.227428,0.30836,0.319305,0.28463,0.299964,0.230128,0.207977,0.32542,0.333468,0.115235,0.317197,0.334238,0.332954
73.4375,1,0.066351,0.425197,0.331644,0.099582,0.078495,0.481498,0.465107,0.27851,0.018456,0.078526,0.567473,0.078874,0.0349,0.105901,0.321938,0.472057,0.487016,0.018271,0.251335,0.33477,0.355322,0.298911,0.340262,0.207516,0.175605,0.411544,0.371733,0.13634,0.423094,0.397966,0.377627
73.828125,1,0.025074,0.38862,0.338684,0.164579,0.08063,0.447939,0.448585,0.245904,0.004064,0.150355,0.619381,0.172969,0.017317,0.102458,0.285088,0.388803,0.434694,0.074106,0.236915,0.295308,0.318447,0.26225,0.294226,0.210354,0.196207,0.368723,0.343302,0.055585,0.338176,0.368206,0.349663
74.21875,1,0.041725,0.29018,0.251912,0.283392,0.074715,0.441971,0.344124,0.172892,0.009138,0.227963,0.529996,0.061547,0.084114,0.239308,0.410042,0.315324,0.394823,0.050781,0.183707,0.247265,0.266634,0.221188,0.287001,0.155885,0.179382,0.269731,0.287584,0.08227,0.259726,0.285007,0.278492
74.609375,1,0.027119,0.494308,0.396295,0.262841,0.166192,0.54412,0.483618,0.337193,0.003805,0.225866,0.575622,0.126067,0.064839,0.214848,0.484045,0.351674,0.390119,0.060905,0.165203,0.24285,0.285876,0.208655,0.266084,0.156065,0.179983,0.333683,0.319541,0.142519,0.324202,0.322199,0.32266
75,1,0.079358,0.383282,0.362727,0.214845,0.287743,0.430414,0.413876,0.252304,0.00719,0.144133,0.531641,0.15015,0.03319,0.14857,0.474543,0.346338,0.340991,0.118519,0.263839,0.308852,0.371806,0.316835,0.362046,0.329328,0.335332,0.371281,0.394805,0.024335,0.313798,0.397383,0.395549
75.390625,1,0.048424,0.514832,0.356831,0.175359,0.120758,0.612684,0.558182,0.272121,0.004552,0.082494,0.620085,0.159232,0.023224,0.293742,0.291803,0.364802,0.403476,0.05363,0.207011,0.278253,0.313083,0.262453,0.323122,0.272881,0.269595,0.390204,0.360401,0.051522,0.384272,0.38299,0.395762
75.78125,1,0.063419,0.387696,0.257969,0.112282,0.179916,0.367786,0.321211,0.139601,0.011677,0.110874,0.555081,0.113609,0.028972,0.117345,0.253944,0.277589,0.27883,0.08991,0.113849,0.170509,0.179941,0.142604,0.188947,0.111746,0.085079,0.242438,0.216521,0.066982,0.270745,0.233624,0.22434
76.171875,1,0.072067,0.314148,0.268122,0.045963,0.194645,0.271645,0.241664,0.108027,0.09434,0.086798,0.328351,0.175196,0.00921,0.117882,0.172049,0.264365,0.223406,0.314427,0.263958,0.310008,0.264442,0.311739,0.281433,0.222086,0.139078,0.224877,0.280785,0.109106,0.195985,0.256752,0.275355
76.5625,1,0.023767,0.357743,0.278196,0.237424,0.022623,0.426757,0.450459,0.147741,0.028294,0.143775,0.463254,0.018666,0.009627,0.186151,0.373105,0.391172,0.40315,0.11534,0.231264,0.324511,0.349052,0.274972,0.297444,0.178239,0.151976,0.379954,0.338576,0.076001,0.384794,0.351886,0.388267
76.953125,1,0.03171,0.309661,0.302406,0.190684,0.070982,0.331275,0.387931,0.136468,0.089666,0.045958,0.335934,0.051976,0.014156,0.07249,0.194489,0.293897,0.319299,0.144704,0.210252,0.195175,0.228682,0.226818,0.256068,0.118942,0.10985,0.225434,0.243187,0.038671,0.170127,0.24571,0.267964
77.34375,1,0.025925,0.339837,0.176102,0.080522,0.130836,0.290373,0.285889,0.166515,0.027131,0.095059,0.346693,0.024104,0.050327,0.155133,0.11958,0.297248,0.278294,0.097318,0.213429,0.264804,0.310706,0.238805,0.272363,0.227029,0.267921,0.323933,0.310178,0.01955,0.278286,0.336634,0.346646
77.734375,1,0.025992,0.440839,0.284778,0.179404,0.122367,0.439124,0.424603,0.274629,0.009624,0.123947,0.374928,0.085719,0.017958,0.083944,0.218427,0.420881,0.43252,0.057749,0.260593,0.396727,0.421586,0.329358,0.363197,0.358288,0.35022,0.485174,0.448357,0.141242,0.504755,0.459953,0.503871
78.125,1,0.019361,0.503466,0.42527,0.155491,0.056637,0.481434,0.506779,0.22583,0.035676,0.077091,0.453434,0.128686,0.04476,0.054079,0.304637,0.445626,0.438124,0.167179,0.344589,0.438511,0.42336,0.374493,0.390035,0.385627,0.327933,0.489928,0.432038,0.058171,0.495785,0.441938,0.439315
78.515625,1,0.070097,0.381831,0.28988,0.085343,0.146828,0.422606,0.407906,0.20006,0.013918,0.070921,0.400739,0.061628,0.028585,0.14284,0.244529,0.317892,0.246887,0.246467,0.336381,0.367141,0.343379,0.359317,0.371392,0.354622,0.32128,0.299552,0.346818,0.028024,0.235525,0.330644,0.338126
78.90625,1,0.101266,0.347991,0.265278,0.082911,0.176115,0.430325,0.438611,0.162711,0.034953,0.047088,0.282974,0.058544,0.033089,0.016276,0.136809,0.12935,0.110674,0.055244,0.135053,0.122824,0.095554,0.15966,0.166734,0.140013,0.160927,0.092423,0.161444,0.088903,0.066448,0.141254,0.144331
79.296875,1,0.08402,0.347962,0.268435,0.021979,0.034107,0.336074,0.394843,0.196961,0.019648,0.051173,0.299294,0.091064,0.006761,0.111088,0.098044,0.202143,0.233979,0.045143,0.20466,0.219261,0.2141,0.23306,0.267377,0.275438,0.239182,0.224525,0.290628,0.027218,0.144551,0.278825,0.293864
79.6875,1,0.059042,0.554524,0.572594,0.134657,0.084764,0.592304,0.555694,0.461744,0.043402,0.030021,0.49285,0.27923,0.082678,0.09316,0.222651,0.390046,0.426204,0.048123,0.275365,0.324639,0.332344,0.313556,0.371256,0.27788,0.280094,0.367649,0.40354,0.023309,0.314191,0.411098,0.417116
80.078125,1,0.112167,0.591103,0.464492,0.081164,0.238733,0.538391,0.375616,0.41417,0.003351,0.071418,0.423165,0.231138,0.069149,0.08204,0.175487,0.425178,0.460547,0.158016,0.335441,0.406481,0.490298,0.363323,0.406641,0.339481,0.274433,0.459636,0.451664,0.088601,0.43632,0.461166,0.488271
80.46875,1,0.10842,0.338239,0.208489,0.100655,0.162421,0.309596,0.34734,0.139612,0.021831,0.21966,0.287196,0.097573,0.093276,0.215952,0.264411,0.217364,0.206272,0.106717,0.172451,0.21968,0.271801,0.220078,0.225334,0.235946,0.205802,0.26889,0.259798,0.048473,0.243726,0.274554,0.262826
80.859375,1,0.127178,0.254168,0.184391,0.054243,0.209345,0.319488,0.351804,0.201822,0.008697,0.296021,0.424187,0.077557,0.0103,0.098025,0.361418,0.287975,0.319913,0.119074,0.235436,0.225047,0.261968,0.279354,0.312074,0.227967,0.255844,0.241978,0.30596,0.031609,0.184483,0.288538,0.315792
81.25,1,0.153358,0.447516,0.309189,0.075412,0.158896,0.525302,0.490356,0.385186,0.033014,0.088507,0.530604,0.187404,0.020653,0.016871,0.33833,0.467552,0.471291,0.192439,0.396263,0.387309,0.436725,0.41627,0.451223,0.370119,0.399649,0.394529,0.48282,0.038426,0.317343,0.453498,0.506338
81.640625,1,0.098017,0.260082,0.191437,0.017369,0.003941,0.282776,0.236636,0.143935,0.050526,0.027308,0.205242,0.015257,0.008797,0.041409,0.227883,0.142453,0.128336,0.069279,0.112324,0.155199,0.15241,0.133836,0.157668,0.054887,0.071346,0.103608,0.139185,0.024247,0.116611,0.117627,0.136572
82.03125,1,0.022417,0.343178,0.389312,0.09698,0.00421,0.361384,0.357341,0.097497,0.078019,0.010409,0.408123,0.105282,0.00008507455,0.017277,0.217826,0.187522,0.146257,0.013502,0.134179,0.212526,0.182909,0.195287,0.217052,0.147406,0.117343,0.193943,0.219637,0.011819,0.12435,0.226402,0.20019
82.421875,1,0.016924,0.319853,0.311185,0.208508,0.098937,0.312511,0.251589,0.100713,0.047087,0.074102,0.300955,0.091933,0.067673,0.134832,0.289671,0.227814,0.226982,0.057576,0.053078,0.127197,0.127902,0.076667,0.101801,0.070336,0.050525,0.231053,0.186617,0.045339,0.238743,0.201554,0.212918
82.8125,1,0.050877,0.317867,0.286141,0.093814,0.163832,0.228059,0.187587,0.096918,0.012608,0.086464,0.232494,0.032555,0.023528,0.067463,0.181891,0.199186,0.180163,0.016905,0.091217,0.132072,0.146047,0.114664,0.157415,0.109763,0.089776,0.174706,0.19999,0.011441,0.151434,0.197825,0.207967
83.203125,1,0.130176,0.366333,0.277857,0.231368,0.197601,0.313704,0.256492,0.167796,0.022496,0.130751,0.364839,0.127418,0.029992,0.091653,0.263324,0.181645,0.174103,0.089637,0.236161,0.16302,0.174098,0.216106,0.258869,0.247973,0.241604,0.178416,0.23423,0.058937,0.143724,0.195862,0.199404
83.59375,1,0.020385,0.420809,0.323682,0.243371,0.0475,0.381836,0.321251,0.120851,0.011411,0.090592,0.363529,0.079529,0.016363,0.099123,0.15251,0.269225,0.256959,0.049451,0.244844,0.20128,0.251535,0.24698,0.299866,0.231778,0.234301,0.221135,0.298517,0.005156,0.171153,0.254673,0.246177
83.984375,1,0.02576,0.282664,0.13488,0.090978,0.00887,0.172816,0.305655,0.064868,0.168079,0.084987,0.212403,0.012742,0.116059,0.175578,0.097368,0.182007,0.227987,0.051153,0.078183,0.118653,0.106361,0.072888,0.097712,0.085324,0.057226,0.192688,0.147305,0.015471,0.17317,0.162175,0.177862
84.375,1,0.023929,0.151569,0.131736,0.062007,0.047831,0.192135,0.158805,0.042601,0.023355,0.110658,0.173889,0.036514,0.032256,0.066085,0.186819,0.088796,0.107493,0.086409,0.092094,0.048298,0.068705,0.070705,0.091392,0.068374,0.064046,0.0632,0.073753,0.005507,0.055784,0.068113,0.096982
84.765625,1,0.038081,0.20334,0.153672,0.028937,0.054084,0.291871,0.2342,0.054355,0.088698,0.015787,0.168892,0.044817,0.053983,0.139277,0.150908,0.041454,0.053906,0.015715,0.028824,0.036336,0.045299,0.036193,0.045513,0.01134,0.036096,0.056282,0.049144,0.033661,0.03765,0.055541,0.050033
85.15625,1,0.075043,0.247524,0.159597,0.198044,0.168745,0.303014,0.209021,0.080293,0.073652,0.092837,0.275472,0.042469,0.059023,0.216086,0.231784,0.088203,0.098324,0.082088,0.107123,0.10473,0.113577,0.100547,0.110022,0.084131,0.099265,0.130249,0.103488,0.030233,0.097377,0.120781,0.111268
85.546875,1,0.025611,0.36217,0.201698,0.197972,0.090632,0.416549,0.292703,0.179853,0.004153,0.144378,0.419577,0.066209,0.037508,0.154235,0.305135,0.330286,0.343301,0.052739,0.249927,0.351427,0.340652,0.279235,0.321408,0.264256,0.244515,0.391587,0.362293,0.037402,0.314749,0.393504,0.408885
85.9375,1,0.04668,0.423973,0.224543,0.130691,0.078695,0.439035,0.370964,0.190891,0.031335,0.149601,0.281332,0.008826,0.01009,0.079096,0.252917,0.214624,0.212634,0.050242,0.154195,0.232544,0.215275,0.173628,0.19567,0.15471,0.126403,0.207235,0.212664,0.063299,0.145897,0.226444,0.220106
86.328125,1,0.012953,0.510504,0.24877,0.110097,0.075463,0.487853,0.347328,0.283203,0.064507,0.142361,0.404639,0.059914,0.028393,0.130259,0.414449,0.3829,0.375246,0.072165,0.249879,0.337342,0.40698,0.309366,0.352204,0.283943,0.244116,0.409863,0.406417,0.139952,0.341505,0.416327,0.428775
86.71875,1,0.056648,0.412752,0.263195,0.219422,0.056981,0.495925,0.41648,0.127393,0.034195,0.044445,0.401053,0.007582,0.023458,0.061198,0.290803,0.328067,0.28805,0.041307,0.187935,0.265846,0.268316,0.233113,0.265232,0.170037,0.125478,0.266185,0.307088,0.035875,0.184268,0.306147,0.334329
87.109375,1,0.019606,0.358852,0.340767,0.073485,0.054239,0.389405,0.297044,0.202449,0.012838,0.00299,0.387024,0.056156,0.028732,0.019159,0.214047,0.161489,0.122251,0.072544,0.125684,0.119239,0.123485,0.159227,0.15877,0.097481,0.164239,0.098607,0.168056,0.068852,0.030059,0.15556,0.156757
87.5,1,0.023609,0.31241,0.173824,0.038674,0.015807,0.396125,0.363687,0.29273,0.018139,0.072547,0.334902,0.138962,0.010459,0.080254,0.220761,0.174727,0.151357,0.016023,0.131167,0.12967,0.144379,0.151192,0.192319,0.122407,0.144831,0.13105,0.187105,0.00589,0.076011,0.176076,0.196058
87.890625,1,0.029594,0.337957,0.327928,0.162096,0.116228,0.493167,0.522729,0.304452,0.034327,0.081375,0.274382,0.224101,0.041141,0.080281,0.273091,0.273816,0.30537,0.070019,0.219689,0.28501,0.292756,0.287261,0.320568,0.262487,0.250439,0.281343,0.350445,0.002097,0.212557,0.309301,0.368311
88.28125,1,0.038933,0.213938,0.213575,0.095898,0.123746,0.298817,0.237953,0.12651,0.013643,0.103616,0.208103,0.028158,0.044855,0.130678,0.155953,0.077271,0.097198,0.027101,0.035133,0.075708,0.035503,0.038754,0.050524,0.013951,0.019824,0.056626,0.057621,0.040321,0.061552,0.058212,0.06575
88.671875,1,0.008438,0.252111,0.273199,0.054074,0.15075,0.213362,0.18883,0.02597,0.018608,0.043953,0.192811,0.053975,0.045633,0.069456,0.094922,0.136732,0.130608,0.006657,0.03201,0.075466,0.057914,0.038305,0.049305,0.024417,0.029576,0.089348,0.068251,0.052085,0.062248,0.081047,0.084926
89.0625,1,0.023595,0.40415,0.309138,0.05929,0.143943,0.341426,0.259132,0.096441,0.011973,0.093724,0.361813,0.09543,0.0506,0.010499,0.151166,0.180596,0.20031,0.001736,0.095966,0.131713,0.148119,0.077154,0.12907,0.119051,0.06569,0.190867,0.132025,0.041209,0.198839,0.163322,0.160709
89.453125,1,0.010921,0.368488,0.283531,0.090816,0.052785,0.440205,0.395548,0.187072,0.024976,0.052988,0.438993,0.106248,0.049946,0.076632,0.110074,0.193839,0.182306,0.065515,0.166689,0.18515,0.200861,0.172778,0.231509,0.222105,0.191556,0.191586,0.230792,0.032235,0.175686,0.201458,0.22683
89.84375,1,0.021971,0.316745,0.235324,0.166536,0.004796,0.371584,0.352897,0.071503,0.038966,0.235491,0.323401,0.135165,0.019564,0.140176,0.32618,0.105785,0.190219,0.008452,0.048161,0.07937,0.120932,0.04407,0.078955,0.06045,0.071672,0.130619,0.128354,0.02537,0.130636,0.132823,0.18337
90.234375,1,0.036874,0.335987,0.317464,0.085384,0.051486,0.366613,0.382241,0.111894,0.015936,0.076461,0.206877,0.053898,0.034877,0.061117,0.246217,0.136387,0.14722,0.044724,0.142564,0.094672,0.118635,0.159661,0.164488,0.14972,0.121789,0.090235,0.152626,0.010679,0.067234,0.114715,0.13196
90.625,1,0.064327,0.271633,0.202221,0.073109,0.121325,0.321196,0.256567,0.08287,0.016568,0.079922,0.260236,0.018322,0.034257,0.136486,0.322269,0.154721,0.194666,0.051333,0.156738,0.120511,0.151493,0.154588,0.178655,0.143501,0.154738,0.13357,0.180779,0.00945,0.126479,0.14579,0.187278
91.015625,1,0.057398,0.256085,0.205471,0.083206,0.112544,0.356196,0.258183,0.032745,0.049807,0.156235,0.340201,0.029788,0.077752,0.120739,0.249054,0.212273,0.200503,0.035056,0.15985,0.217245,0.23319,0.178184,0.209038,0.173551,0.140807,0.253537,0.234997,0.040118,0.210052,0.266576,0.259151
91.40625,1,0.003011,0.281051,0.131361,0.073431,0.030277,0.244407,0.240729,0.056873,0.080039,0.168623,0.289981,0.073543,0.105243,0.065867,0.171202,0.225202,0.212465,0.076607,0.074582,0.176692,0.172589,0.127555,0.152602,0.107943,0.0923,0.231154,0.225509,0.028705,0.208919,0.258438,0.286118
91.796875,1,0.009005,0.176966,0.171414,0.084008,0.017418,0.280322,0.166171,0.009933,0.100492,0.151904,0.121707,0.020862,0.071538,0.082911,0.146454,0.129106,0.086182,0.039836,0.051818,0.115528,0.08223,0.060405,0.061512,0.032916,0.049356,0.092785,0.098828,0.021024,0.081514,0.100093,0.137596
92.1875,1,0.044142,0.155487,0.094576,0.013571,0.042842,0.191915,0.171307,0.046766,0.068836,0.0722,0.235507,0.016415,0.028698,0.081854,0.114971,0.062025,0.071951,0.10728,0.150749,0.08652,0.082798,0.127594,0.161938,0.136265,0.200618,0.05615,0.119888,0.027287,0.040207,0.091863,0.105789
92.578125,1,0.047468,0.315323,0.241752,0.026817,0.033982,0.297106,0.260539,0.104146,0.02265,0.18702,0.277305,0.079733,0.008439,0.061674,0.205555,0.106366,0.130671,0.020983,0.105521,0.170792,0.138214,0.111753,0.171948,0.152516,0.158649,0.132236,0.207209,0.008985,0.104988,0.182495,0.207348
92.96875,1,0.010563,0.246402,0.20516,0.079579,0.010351,0.203178,0.172855,0.026615,0.021132,0.046532,0.299908,0.013514,0.030927,0.05657,0.172378,0.108652,0.133367,0.009897,0.066508,0.128094,0.154548,0.077946,0.097264,0.071161,0.068204,0.112343,0.159043,0.018201,0.119214,0.149383,0.180411
93.359375,1,0.017506,0.174343,0.099411,0.071116,0.026876,0.228663,0.153644,0.014264,0.084971,0.083665,0.210114,0.031623,0.030189,0.056969,0.178281,0.043819,0.034557,0.0189,0.031571,0.047206,0.022792,0.035548,0.054927,0.022325,0.019163,0.026272,0.034323,0.005086,0.014979,0.035498,0.034043
93.75,1,0.012134,0.073277,0.02394,0.025544,0.09516,0.155375,0.167678,0.003265,0.000635,0.012386,0.256764,0.014122,0.025953,0.037392,0.138968,0.20241,0.162277,0.007359,0.063812,0.160182,0.114561,0.083454,0.129465,0.067385,0.066523,0.202092,0.172022,0.045659,0.16365,0.178531,0.193812
94.140625,1,0.06599,0.136059,0.100604,0.067404,0.122872,0.201268,0.196507,0.03607,0.046779,0.104884,0.207865,0.016911,0.010488,0.106293,0.237823,0.231851,0.217837,0.085463,0.183963,0.185508,0.152242,0.206806,0.221684,0.103013,0.13676,0.164229,0.22089,0.128827,0.146712,0.197699,0.191203
94.53125,1,0.042863,0.204002,0.143671,0.116061,0.041736,0.217821,0.150194,0.034792,0.037577,0.133859,0.304012,0.074915,0.009475,0.244356,0.353299,0.206415,0.182641,0.041018,0.193707,0.232966,0.158286,0.192109,0.225373,0.115404,0.106023,0.154008,0.222446,0.039791,0.118227,0.202029,0.225213
94.921875,1,0.022586,0.320262,0.200268,0.181872,0.00541,0.351027,0.265749,0.016846,0.009744,0.143789,0.297014,0.050774,0.046809,0.249458,0.258012,0.169171,0.168801,0.024061,0.115496,0.203465,0.159222,0.117348,0.157631,0.14197,0.042512,0.13688,0.187696,0.010831,0.096537,0.200643,0.190923
95.3125,1,0.053386,0.270102,0.144041,0.14271,0.056495,0.291378,0.202514,0.044675,0.014136,0.137245,0.365536,0.067307,0.075213,0.135761,0.228221,0.1827,0.166878,0.018732,0.116538,0.226176,0.204336,0.151524,0.167675,0.093579,0.057856,0.18303,0.181466,0.014709,0.140355,0.19951,0.187283
95.703125,1,0.039735,0.143753,0.223266,0.085933,0.010751,0.258487,0.208117,0.012547,0.071164,0.039402,0.222067,0.039153,0.14274,0.233546,0.157884,0.107614,0.092692,0.033135,0.076072,0.101005,0.072412,0.076324,0.09367,0.031697,0.062134,0.06719,0.078564,0.075105,0.069034,0.067971,0.086574
96.09375,1,0.023049,0.30511,0.320502,0.066625,0.023654,0.444148,0.300926,0.073459,0.082315,0.060087,0.168066,0.04606,0.041677,0.077339,0.084188,0.104755,0.133923,0.040756,0.121622,0.100837,0.107864,0.105874,0.133939,0.083349,0.046624,0.08335,0.127218,0.030168,0.068836,0.105185,0.100801
96.484375,1,0.109645,0.196279,0.173102,0.063393,0.136589,0.268322,0.24264,0.064987,0.00816,0.0316,0.163486,0.12059,0.00925,0.019892,0.172986,0.078347,0.097271,0.013974,0.069824,0.074185,0.078121,0.082683,0.106985,0.038756,0.061441,0.060404,0.108605,0.007222,0.034498,0.085445,0.090168
96.875,1,0.037176,0.282252,0.225676,0.081004,0.065465,0.207912,0.138486,0.083288,0.032319,0.082807,0.210469,0.017768,0.004449,0.030077,0.185385,0.067848,0.063412,0.082151,0.087204,0.044734,0.053616,0.065056,0.060917,0.02092,0.046743,0.050975,0.054645,0.058735,0.056795,0.049672,0.04824
97.265625,1,0.022235,0.359329,0.180309,0.01379,0.048538,0.339237,0.267994,0.121226,0.020997,0.10785,0.12086,0.054352,0.057585,0.152679,0.194155,0.153136,0.131013,0.051641,0.096404,0.110451,0.088402,0.101157,0.12428,0.080323,0.049939,0.096776,0.138728,0.01607,0.047982,0.122079,0.120913
97.65625,1,0.010763,0.107557,0.191229,0.070509,0.009305,0.161253,0.083574,0.023994,0.124629,0.145004,0.219774,0.035084,0.137832,0.071923,0.139229,0.174624,0.148644,0.073534,0.111528,0.138238,0.120636,0.128424,0.115729,0.076809,0.160466,0.16653,0.178697,0.089552,0.134024,0.167776,0.190001
98.046875,1,0.066242,0.304376,0.30909,0.093499,0.129742,0.233144,0.203595,0.029763,0.032005,0.025895,0.161863,0.044477,0.00242,0.018923,0.050582,0.063947,0.073697,0.074065,0.131118,0.087454,0.097503,0.143422,0.159006,0.079678,0.094467,0.040821,0.132669,0.027607,0.029333,0.073267,0.065767
98.4375,1,0.013479,0.158234,0.092118,0.059395,0.055953,0.155061,0.267751,0.077118,0.006656,0.078143,0.174385,0.042373,0.011093,0.104732,0.131555,0.119278,0.113471,0.086247,0.148595,0.130046,0.170639,0.149984,0.156365,0.148121,0.067501,0.110443,0.129621,0.027268,0.099452,0.105128,0.123362
98.828125,1,0.029853,0.267531,0.147484,0.064792,0.101213,0.240948,0.193832,0.021502,0.00169,0.031006,0.197004,0.009141,0.012316,0.06586,0.251773,0.081292,0.057665,0.052289,0.056077,0.058609,0.0721,0.072822,0.118226,0.018016,0.032986,0.043234,0.079601,0.021696,0.031436,0.055197,0.050227
99.21875,1,0.007894,0.188548,0.194615,0.061647,0.064766,0.269107,0.172605,0.030541,0.005165,0.027148,0.269361,0.069971,0.004354,0.033817,0.227192,0.17033,0.210673,0.007245,0.070462,0.121295,0.119981,0.08991,0.124272,0.01923,0.03546,0.100616,0.148905,0.045927,0.086595,0.113324,0.119309
99.609375,1,0.02728,0.240539,0.242291,0.137946,0.043308,0.291842,0.243875,0.022701,0.055449,0.060863,0.295338,0.097269,0.020428,0.116807,0.361253,0.321012,0.299505,0.062156,0.178115,0.264433,0.261776,0.211564,0.231913,0.132605,0.190679,0.295364,0.265952,0.114374,0.299696,0.277126,0.239123
100,0,0,0,0,0,0,0,0,0,0,0,0,0,0,0,0,0,0,0,0,0,0,0,0,0,0,0,0,0,0,0,0