Frequency Value,FP01,FP02,FP03,FP04,FP05,FP06,FP07,FP08,FP09,FP10,FP11,FP12,FP13,FP14,FP15,FP16,FP17,FP18,FP19,FP20,FP21,FP22,FP23,FP24,FP25,FP26,FP27,FP28,FP29,FP30,FP31,FP32
0,0.002133,0.294986,0.031899,0.075731,0.01395,0.129099,0.071413,0.162135,0.193229,0.414247,0.196965,0.12856,0.024124,0.018091,0.064823,0.015507,0.936825,0.925124,0.935886,0.891614,0.962674,0.981493,0.910267,0.902711,0.952927,0.761988,0.936702,0.963273,0.745272,0.861967,0.981734,1
0.390625,0.006942,0.362496,0.13377,0.127583,0.041968,0.280154,0.170415,0.16871,0.10979,0.449146,0.338728,0.175471,0.026219,0.168001,0.302393,0.13225,0.937819,0.925442,0.930771,0.902962,0.958281,0.983362,0.94916,0.91905,0.943208,0.882715,0.938606,0.976313,0.744869,0.908451,0.97677,1
0.78125,0.067631,0.17547,0.006168,0.004179,0.195608,0.144971,0.014376,0.009312,0.216364,0.19871,0.200678,0.156498,0.045001,0.088937,0.167888,0.270426,0.937835,0.91179,0.864502,0.871215,0.957109,0.973478,0.920319,0.868084,0.89226,0.808633,0.952841,0.968859,0.678252,0.912791,0.975031,1
1.171875,0.085059,0.172323,0.10933,0.087756,0.176894,0.165514,0.06756,0.050032,0.210378,0.231592,0.201817,0.345581,0.034434,0.119467,0.190377,0.307798,0.95919,0.938764,0.855971,0.839988,0.965766,0.976179,0.917445,0.870143,0.896113,0.76154,0.955956,0.981338,0.703736,0.907426,0.981951,1
1.5625,0.077235,0.062583,0.073041,0.06562,0.053142,0.04196,0.065274,0.041228,0.031811,0.099261,0.084597,0.193559,0.035894,0.057057,0.077895,0.187521,0.930694,0.905577,0.760255,0.739699,0.9549,0.96363,0.866905,0.787597,0.792687,0.609481,0.933236,0.97382,0.589948,0.878978,0.969566,1
1.953125,0.046499,0.019233,0.024481,0.001628,0.07572,0.042502,0.083347,0.096629,0.113628,0.070401,0.215643,0.081404,0.027705,0.072509,0.22846,0.092197,0.93593,0.896577,0.74525,0.689399,0.924864,0.973242,0.826572,0.725687,0.776329,0.66164,0.858806,0.950568,0.187554,0.679856,0.968085,1
2.34375,0.154089,0.042361,0.255898,0.189939,0.171797,0.127675,0.255279,0.247211,0.282311,0.038256,0.057765,0.243654,0.074995,0.019768,0.064406,0.114511,0.903779,0.8099,0.745007,0.669461,0.909194,0.956735,0.781765,0.697591,0.744821,0.662963,0.772222,0.924679,0.026484,0.404652,0.958814,1
2.734375,0.107222,0.01063,0.215812,0.146093,0.121859,0.045744,0.247952,0.255776,0.287444,0.057892,0.019565,0.187605,0.056559,0.043243,0.007078,0.039219,0.886675,0.817066,0.716752,0.741373,0.929792,0.958369,0.82234,0.777627,0.754918,0.714733,0.791484,0.953664,0.021725,0.50122,0.950131,1
3.125,0.089997,0.016197,0.215856,0.104125,0.116394,0.079642,0.240592,0.255851,0.34898,0.003292,0.035525,0.2293,0.026425,0.017511,0.029074,0.112151,0.918624,0.885685,0.728231,0.80353,0.930229,0.958315,0.85318,0.835694,0.80134,0.77853,0.869713,0.965351,0.113393,0.704428,0.962716,1
3.515625,0.075675,0.018126,0.165727,0.076767,0.071759,0.062626,0.175469,0.169583,0.277151,0.006395,0.020057,0.142417,0.034094,0.019104,0.014962,0.092534,0.927578,0.874825,0.719001,0.762207,0.921261,0.955408,0.820688,0.793142,0.794932,0.745862,0.850376,0.953818,0.134718,0.652999,0.953108,1
3.90625,0.154782,0.033539,0.366791,0.246303,0.162773,0.093656,0.287632,0.242999,0.359172,0.004452,0.084816,0.264262,0.112131,0.103,0.005305,0.091247,0.950514,0.905698,0.732245,0.788588,0.951782,0.964589,0.86092,0.820762,0.828687,0.772875,0.896437,0.971361,0.099608,0.684686,0.97834,1
4.296875,0.045948,0.055263,0.256337,0.167347,0.051607,0.076765,0.235275,0.171959,0.41318,0.175253,0.07438,0.120101,0.037018,0.154981,0.108553,0.013761,0.894565,0.841745,0.672217,0.771935,0.91728,0.942369,0.827534,0.812439,0.786583,0.729506,0.808149,0.958315,0.123344,0.529727,0.942933,1
4.6875,0.082227,0.024794,0.283141,0.229562,0.080147,0.044247,0.257159,0.216988,0.422575,0.078966,0.017837,0.16534,0.127584,0.127575,0.018598,0.084271,0.894502,0.846212,0.659615,0.785651,0.902739,0.933717,0.82414,0.836097,0.821552,0.731116,0.780561,0.95105,0.120014,0.429379,0.927325,1
5.078125,0.088957,0.084377,0.242111,0.221867,0.086,0.096862,0.28726,0.205001,0.373149,0.162788,0.149389,0.130023,0.089859,0.084714,0.074001,0.018904,0.907638,0.869449,0.558186,0.711174,0.902817,0.948524,0.796983,0.786851,0.750372,0.647079,0.820468,0.959134,0.117213,0.587989,0.94064,1
5.46875,0.041332,0.029961,0.155871,0.106307,0.108262,0.011909,0.228765,0.168674,0.154567,0.148003,0.115693,0.132572,0.062742,0.073537,0.114615,0.131063,0.923547,0.856785,0.63755,0.72341,0.909551,0.944487,0.80883,0.786179,0.754041,0.728287,0.826171,0.96353,0.144538,0.596432,0.938797,1
5.859375,0.009994,0.001238,0.027024,0.022191,0.000839,0.012741,0.024331,0.009253,0.12543,0.028733,0.004841,0.035194,0.001084,0.008542,0.005982,0.093883,0.91547,0.881906,0.381118,0.580402,0.867424,0.920333,0.710206,0.711695,0.690871,0.758123,0.845432,0.960296,0.208143,0.658557,0.939705,1
6.25,0.067635,0.035107,0.037337,0.018043,0.038256,0.013111,0.043694,0.033533,0.170636,0.039177,0.037173,0.067196,0.056435,0.030349,0.068734,0.075089,0.929049,0.910381,0.512058,0.678362,0.899116,0.937432,0.754514,0.749845,0.76212,0.783128,0.870812,0.953629,0.240725,0.728133,0.93709,1
6.640625,0.039145,0.014363,0.148397,0.078451,0.048851,0.014239,0.158077,0.138698,0.17176,0.097899,0.024479,0.09429,0.109937,0.037916,0.103772,0.073801,0.904497,0.889319,0.501495,0.668539,0.902106,0.943418,0.764379,0.733962,0.76462,0.754702,0.875068,0.963183,0.340943,0.771427,0.943836,1
7.03125,0.092917,0.045064,0.085586,0.103951,0.016318,0.030513,0.06872,0.022767,0.133361,0.051498,0.021337,0.068005,0.037455,0.05762,0.027522,0.006476,0.905223,0.894227,0.319127,0.563601,0.876065,0.933342,0.706361,0.683667,0.670875,0.750511,0.880117,0.955812,0.416186,0.789733,0.934583,1
7.421875,0.016337,0.03084,0.139085,0.058329,0.022605,0.031438,0.12715,0.061007,0.288551,0.100441,0.07046,0.082884,0.020076,0.039129,0.060859,0.012486,0.900638,0.877167,0.277992,0.538333,0.85632,0.892043,0.662068,0.640612,0.652271,0.710656,0.89316,0.945342,0.481186,0.82298,0.915167,1
7.8125,0.092869,0.016009,0.140727,0.109799,0.1004,0.029335,0.102605,0.023803,0.297112,0.005777,0.049165,0.134713,0.098575,0.01367,0.046888,0.152683,0.914727,0.868434,0.517289,0.652331,0.880982,0.907327,0.777795,0.749728,0.758152,0.758647,0.854186,0.961502,0.276775,0.759458,0.918798,1
8.203125,0.070783,0.01321,0.07288,0.068252,0.044158,0.024531,0.067321,0.047805,0.225754,0.114008,0.023209,0.049835,0.045329,0.021766,0.054582,0.066019,0.926832,0.915681,0.412497,0.59343,0.855128,0.930681,0.696262,0.666624,0.66879,0.649066,0.891622,0.945988,0.371835,0.81207,0.939666,1
8.59375,0.052077,0.035628,0.142064,0.120643,0.039448,0.051599,0.115917,0.080269,0.274813,0.105791,0.062516,0.041103,0.028608,0.050552,0.049612,0.013204,0.936858,0.918029,0.533165,0.702221,0.88802,0.935251,0.807425,0.762711,0.757407,0.749226,0.871768,0.963218,0.354751,0.816374,0.929752,1
8.984375,0.004212,0.015716,0.060228,0.091463,0.0616,0.014729,0.048769,0.048372,0.219086,0.109488,0.058813,0.022556,0.043212,0.040416,0.072728,0.021291,0.924501,0.908894,0.481874,0.693107,0.886317,0.92499,0.805301,0.766412,0.724251,0.718035,0.880857,0.956772,0.363192,0.820226,0.91996,1
9.375,0.147084,0.143887,0.232632,0.138226,0.022156,0.102438,0.299475,0.263271,0.277298,0.102543,0.057717,0.173412,0.019101,0.098242,0.186977,0.194578,0.953165,0.932858,0.457652,0.700567,0.925598,0.941234,0.797766,0.77434,0.746741,0.745795,0.92639,0.967212,0.6442,0.884445,0.946401,1
9.765625,0.13847,0.020066,0.433705,0.2644,0.108564,0.038857,0.362283,0.262057,0.359789,0.149022,0.056154,0.161127,0.002395,0.080046,0.040802,0.032957,0.91644,0.898472,0.423616,0.644319,0.908952,0.930213,0.788811,0.704151,0.787186,0.72472,0.856869,0.964527,0.479961,0.811866,0.912497,1
10.15625,0.12919,0.010816,0.270585,0.215672,0.046577,0.01159,0.300843,0.219468,0.323262,0.078164,0.018679,0.118934,0.021564,0.02243,0.018223,0.02068,0.932823,0.912922,0.503549,0.719637,0.929958,0.94345,0.837376,0.775697,0.782993,0.768581,0.87797,0.969047,0.412956,0.823715,0.922959,1
10.546875,0.04769,0.026826,0.255931,0.212462,0.03062,0.017829,0.272147,0.17061,0.359358,0.063157,0.042054,0.242427,0.010629,0.012055,0.039793,0.098605,0.930839,0.90692,0.523714,0.728543,0.935324,0.939404,0.82299,0.764178,0.665385,0.637725,0.839136,0.95694,0.338963,0.790088,0.884504,1
10.9375,0.038108,0.075187,0.231491,0.136182,0.039846,0.078453,0.235976,0.178535,0.41001,0.170995,0.057963,0.206006,0.028054,0.054471,0.116361,0.08188,0.927775,0.872455,0.547051,0.725342,0.932284,0.949591,0.822756,0.773451,0.711374,0.693475,0.806157,0.964506,0.227852,0.730263,0.896201,1
11.328125,0.033824,0.012105,0.158412,0.082627,0.019428,0.002911,0.166639,0.152635,0.211291,0.168368,0.052601,0.092208,0.035913,0.040557,0.123243,0.103366,0.934787,0.882838,0.518733,0.721275,0.940291,0.939387,0.827118,0.780179,0.742422,0.716276,0.857848,0.958817,0.407363,0.804924,0.904376,1
11.71875,0.0718,0.058843,0.120136,0.096447,0.032393,0.015121,0.083443,0.086573,0.201783,0.260109,0.172876,0.079123,0.008213,0.109826,0.178327,0.088549,0.94162,0.897848,0.549691,0.792559,0.936845,0.938961,0.837343,0.828732,0.650781,0.673661,0.857562,0.953091,0.456742,0.821614,0.884524,1
12.109375,0.152004,0.034917,0.121909,0.133747,0.035583,0.017213,0.155311,0.143321,0.237221,0.189972,0.126806,0.066374,0.01319,0.068165,0.191132,0.134751,0.939042,0.91451,0.511355,0.675839,0.922804,0.946188,0.829582,0.738479,0.692353,0.685025,0.852509,0.955453,0.480839,0.809019,0.890169,1
12.5,0.086487,0.016845,0.132133,0.09915,0.002643,0.010014,0.183926,0.108206,0.366371,0.135765,0.019831,0.105059,0.043967,0.122299,0.069452,0.024638,0.921276,0.873705,0.583526,0.723768,0.937279,0.940934,0.826077,0.775561,0.685403,0.664308,0.803657,0.964502,0.226842,0.738369,0.881347,1
12.890625,0.144117,0.008838,0.171392,0.103298,0.040414,0.008722,0.165309,0.109911,0.297255,0.092785,0.016743,0.076192,0.046165,0.009791,0.04248,0.043985,0.935786,0.898906,0.623736,0.724062,0.936906,0.942236,0.831282,0.781988,0.727113,0.62114,0.813464,0.95767,0.307771,0.768417,0.876853,1
13.28125,0.028512,0.009883,0.230368,0.181572,0.065579,0.039673,0.274137,0.232596,0.259402,0.122144,0.03461,0.095372,0.030628,0.0494,0.051643,0.065467,0.936908,0.924155,0.588116,0.688464,0.941258,0.951597,0.841359,0.748182,0.699775,0.626283,0.865548,0.959892,0.557791,0.835443,0.895104,1
13.671875,0.097688,0.009932,0.412427,0.254044,0.05994,0.036285,0.424209,0.356359,0.386901,0.104121,0.069258,0.13937,0.105377,0.132479,0.090699,0.040664,0.923657,0.896789,0.585119,0.681837,0.963842,0.959526,0.828645,0.736496,0.752471,0.687239,0.811554,0.956904,0.340529,0.7316,0.889045,1
14.0625,0.01731,0.034608,0.104856,0.036332,0.009571,0.065399,0.100576,0.10022,0.281742,0.025348,0.07026,0.090929,0.049394,0.056468,0.048724,0.050638,0.930495,0.880607,0.498807,0.597234,0.950015,0.94345,0.823806,0.684341,0.744378,0.684613,0.851778,0.952653,0.396367,0.787163,0.902023,1
14.453125,0.084099,0.035134,0.349227,0.239576,0.033153,0.099424,0.303119,0.206358,0.494436,0.097496,0.016676,0.212535,0.110519,0.178666,0.054931,0.022145,0.948019,0.943386,0.617277,0.698551,0.95133,0.962434,0.884103,0.759863,0.853138,0.841623,0.907861,0.978823,0.64789,0.885164,0.937862,1
14.84375,0.219335,0.01576,0.315504,0.172927,0.018549,0.075359,0.278149,0.199391,0.31088,0.024076,0.019946,0.236157,0.05012,0.052315,0.012346,0.038214,0.933251,0.914811,0.445173,0.605683,0.951325,0.951447,0.825386,0.66936,0.777328,0.723254,0.876996,0.965386,0.521441,0.854025,0.907838,1
15.234375,0.155886,0.057645,0.293246,0.18646,0.013946,0.122273,0.317164,0.269419,0.358333,0.082618,0.021866,0.130907,0.071488,0.057731,0.04248,0.014604,0.915524,0.883148,0.566105,0.654957,0.942329,0.946736,0.827689,0.705787,0.751861,0.711043,0.824133,0.957029,0.384466,0.781263,0.87179,1
15.625,0.096452,0.01518,0.324209,0.139454,0.008377,0.039017,0.293309,0.20678,0.227428,0.148419,0.027298,0.162427,0.072586,0.087537,0.045601,0.017305,0.890269,0.881106,0.596446,0.674708,0.904097,0.919167,0.778558,0.71002,0.658456,0.663349,0.765875,0.943693,0.273509,0.708198,0.845256,1
16.015625,0.050366,0.03463,0.141711,0.073853,0.041782,0.046873,0.126582,0.086287,0.153982,0.042643,0.023766,0.179528,0.026872,0.063064,0.041591,0.02307,0.885003,0.8561,0.505752,0.645491,0.898827,0.91883,0.79369,0.712626,0.695714,0.759094,0.793928,0.950666,0.318254,0.747193,0.846571,1
16.40625,0.019968,0.017839,0.176449,0.119287,0.022762,0.079213,0.222083,0.146147,0.227838,0.16282,0.065637,0.08063,0.021834,0.131609,0.104887,0.042126,0.917819,0.900755,0.489244,0.61935,0.933084,0.930068,0.813114,0.679222,0.799315,0.694866,0.862678,0.960339,0.452685,0.805677,0.916882,1
16.796875,0.152123,0.029301,0.277998,0.154902,0.076244,0.019894,0.330913,0.253315,0.179313,0.115668,0.024178,0.251795,0.078286,0.116179,0.035044,0.013745,0.929643,0.885759,0.538295,0.67852,0.95155,0.945352,0.842006,0.75625,0.787011,0.710932,0.837804,0.96913,0.380962,0.794776,0.888539,1
17.1875,0.162665,0.037587,0.37662,0.249613,0.080863,0.014902,0.379081,0.344121,0.227283,0.143896,0.037284,0.345744,0.031784,0.126835,0.029567,0.022579,0.927341,0.896759,0.547963,0.700295,0.93937,0.954044,0.827034,0.766811,0.768452,0.755234,0.827473,0.96516,0.268187,0.780588,0.884709,1
17.578125,0.069132,0.024222,0.207462,0.104973,0.140713,0.024531,0.351294,0.24613,0.053802,0.02164,0.021882,0.159961,0.082226,0.024785,0.041677,0.070298,0.929963,0.897213,0.380341,0.523355,0.933631,0.946793,0.740237,0.610926,0.684485,0.598686,0.85052,0.929557,0.420981,0.806949,0.884167,1
17.96875,0.027406,0.063153,0.304813,0.252028,0.074188,0.163274,0.308386,0.224366,0.14994,0.101001,0.023843,0.177971,0.098024,0.149108,0.054037,0.028832,0.896256,0.881266,0.460277,0.575963,0.906433,0.927789,0.784993,0.6551,0.730795,0.663708,0.782995,0.950697,0.315103,0.736807,0.851339,1
18.359375,0.069867,0.081016,0.201422,0.168708,0.118429,0.151586,0.156692,0.084736,0.134495,0.052072,0.044091,0.062233,0.005767,0.060619,0.034598,0.05221,0.855227,0.811417,0.402805,0.511456,0.894199,0.888407,0.756914,0.594166,0.696853,0.579135,0.704487,0.938181,0.199075,0.6225,0.820643,1
18.75,0.173439,0.032508,0.322288,0.242593,0.106083,0.101908,0.260804,0.222761,0.212789,0.027865,0.018577,0.133668,0.007667,0.028351,0.004244,0.062197,0.914849,0.890456,0.475686,0.545182,0.908104,0.906233,0.752796,0.604678,0.698458,0.534889,0.754626,0.945386,0.341011,0.69659,0.839396,1
19.140625,0.224032,0.094488,0.305418,0.22819,0.017357,0.085749,0.279196,0.214193,0.206996,0.060152,0.022708,0.164853,0.084527,0.043362,0.015416,0.060897,0.896318,0.878551,0.542328,0.556589,0.926314,0.932777,0.7959,0.588621,0.807618,0.749041,0.797635,0.958128,0.244826,0.683115,0.894616,1
19.53125,0.146771,0.101514,0.212776,0.102559,0.029965,0.070519,0.231994,0.159936,0.267425,0.034345,0.024302,0.108154,0.013624,0.001913,0.007873,0.029985,0.89737,0.888084,0.46786,0.584691,0.938929,0.917447,0.799183,0.650083,0.815695,0.740663,0.810538,0.969236,0.406819,0.749583,0.893572,1
19.921875,0.036614,0.017253,0.201123,0.152148,0.039084,0.024606,0.237414,0.24246,0.29491,0.06032,0.014977,0.125236,0.060978,0.035323,0.029046,0.095529,0.832934,0.79558,0.465672,0.549123,0.902672,0.880216,0.764971,0.595983,0.653088,0.629271,0.726629,0.951035,0.237604,0.646278,0.815353,1
20.3125,0.03617,0.004143,0.237672,0.176742,0.196708,0.087283,0.186566,0.19245,0.201911,0.029648,0.019266,0.160026,0.058042,0.018488,0.025203,0.062331,0.863392,0.852857,0.384306,0.46273,0.921939,0.865017,0.70144,0.49568,0.534966,0.509953,0.648382,0.931008,0.172008,0.540693,0.772325,1
20.703125,0.047007,0.013415,0.235016,0.219969,0.07109,0.051651,0.25365,0.196219,0.115295,0.07872,0.004657,0.092159,0.051084,0.056207,0.05985,0.027358,0.892693,0.863771,0.396667,0.487402,0.91132,0.89519,0.743901,0.537065,0.620877,0.609771,0.674719,0.944843,0.213561,0.591345,0.784586,1
21.09375,0.140704,0.057408,0.151543,0.174907,0.032806,0.097474,0.146858,0.120641,0.171452,0.101885,0.073201,0.083436,0.066531,0.069796,0.019945,0.07266,0.82582,0.794926,0.452114,0.557032,0.849405,0.849482,0.742388,0.638737,0.691566,0.605768,0.651306,0.934926,0.22882,0.549755,0.77537,1
21.484375,0.100947,0.027185,0.104906,0.077364,0.023846,0.009377,0.106023,0.080403,0.080224,0.092793,0.044835,0.110012,0.017183,0.043854,0.078418,0.104659,0.871291,0.824862,0.523707,0.630705,0.910559,0.89108,0.803373,0.706125,0.763135,0.732253,0.70897,0.928464,0.229556,0.616445,0.815682,1
21.875,0.230617,0.065498,0.068426,0.098725,0.023931,0.118284,0.156727,0.154739,0.102596,0.01478,0.004019,0.106717,0.053305,0.038391,0.012257,0.078662,0.920979,0.876872,0.521324,0.607149,0.926458,0.914474,0.781633,0.661686,0.63265,0.548276,0.750084,0.931266,0.287138,0.702068,0.837521,1
22.265625,0.066619,0.059831,0.113742,0.108961,0.027537,0.086322,0.203388,0.23593,0.078852,0.095654,0.017349,0.055487,0.07256,0.099119,0.050608,0.009032,0.897655,0.870399,0.304795,0.463274,0.891733,0.900206,0.679249,0.570288,0.542286,0.497967,0.683119,0.919431,0.210653,0.634234,0.788838,1
22.65625,0.06917,0.026536,0.145984,0.166854,0.121804,0.015784,0.255462,0.315698,0.09927,0.025909,0.022532,0.144729,0.021494,0.023685,0.006223,0.048378,0.855421,0.839486,0.24829,0.482134,0.873095,0.882819,0.729062,0.635266,0.630139,0.614694,0.742595,0.939033,0.258385,0.678959,0.825096,1
23.046875,0.132875,0.014125,0.133545,0.119962,0.044119,0.027265,0.144101,0.170565,0.042307,0.028422,0.009219,0.125247,0.029334,0.056238,0.016044,0.065051,0.888146,0.870068,0.288014,0.438327,0.886103,0.908632,0.708718,0.550016,0.725449,0.675837,0.813048,0.93285,0.324804,0.755007,0.869189,1
23.4375,0.034455,0.000544,0.048085,0.017739,0.00476,0.019738,0.046156,0.041561,0.056791,0.019556,0.021189,0.087376,0.013405,0.042134,0.001688,0.083686,0.895094,0.875726,0.403534,0.46566,0.894099,0.92843,0.720719,0.577762,0.739001,0.673137,0.819363,0.935317,0.389485,0.737511,0.877323,1
23.828125,0.080778,0.013631,0.122389,0.065625,0.043859,0.057546,0.072801,0.097141,0.12368,0.042615,0.040249,0.121917,0.013371,0.03115,0.004243,0.059712,0.905639,0.871272,0.412793,0.572062,0.90771,0.935911,0.752688,0.640276,0.726307,0.622423,0.786453,0.941688,0.29864,0.71008,0.864296,1
24.21875,0.016311,0.00811,0.063493,0.024779,0.038098,0.004549,0.058792,0.073059,0.070756,0.066823,0.040504,0.058635,0.073472,0.025285,0.065455,0.005802,0.859186,0.803536,0.294375,0.361935,0.878883,0.893926,0.654518,0.497097,0.630991,0.5246,0.745224,0.935664,0.33107,0.6839,0.81501,1
24.609375,0.08767,0.009671,0.231457,0.197132,0.009458,0.0239,0.238835,0.204515,0.204394,0.086465,0.052201,0.03613,0.016918,0.012248,0.050814,0.009483,0.845239,0.803353,0.227873,0.407986,0.839043,0.873923,0.659067,0.550997,0.71688,0.664539,0.788849,0.936425,0.251657,0.667574,0.878333,1
25,0.062784,0.027729,0.151008,0.175124,0.016332,0.010233,0.144554,0.138287,0.22761,0.138573,0.012677,0.078143,0.058644,0.042555,0.081608,0.002302,0.852974,0.831788,0.287238,0.458094,0.891586,0.898002,0.707104,0.600388,0.731841,0.663213,0.782411,0.944431,0.257137,0.667367,0.867176,1
25.390625,0.016687,0.016272,0.134987,0.095529,0.037556,0.058748,0.152593,0.154631,0.142365,0.063628,0.01104,0.12072,0.09029,0.036001,0.088243,0.020268,0.857559,0.838773,0.512196,0.636608,0.902098,0.929637,0.790401,0.710674,0.805776,0.726476,0.75235,0.950969,0.134376,0.657841,0.859044,1
25.78125,0.026177,0.026494,0.038762,0.024373,0.024308,0.024064,0.034152,0.050492,0.059099,0.006746,0.033549,0.095906,0.012422,0.038707,0.023821,0.026359,0.819261,0.765865,0.299597,0.35818,0.86352,0.86533,0.591987,0.409163,0.623574,0.543679,0.736956,0.91073,0.216791,0.63687,0.847036,1
26.171875,0.140139,0.048994,0.11003,0.094516,0.048071,0.057249,0.128047,0.168666,0.141167,0.026108,0.039082,0.103151,0.064685,0.017512,0.033041,0.058948,0.881259,0.860701,0.420615,0.498347,0.924943,0.89953,0.733704,0.57647,0.773647,0.688068,0.770746,0.936228,0.200226,0.684533,0.875468,1
26.5625,0.042038,0.037258,0.086682,0.095918,0.018388,0.168605,0.075061,0.135335,0.040643,0.047065,0.058366,0.010559,0.022037,0.011225,0.063512,0.062517,0.822457,0.825862,0.334103,0.53195,0.873524,0.904871,0.698828,0.60038,0.753879,0.676033,0.693465,0.939837,0.132292,0.61243,0.823458,1
26.953125,0.054451,0.036712,0.076241,0.069283,0.035931,0.054652,0.072317,0.09684,0.147248,0.013587,0.023976,0.04171,0.027446,0.055871,0.036269,0.035146,0.834795,0.788218,0.321876,0.528095,0.84761,0.860901,0.696179,0.613393,0.696128,0.592716,0.695471,0.928909,0.201315,0.615317,0.817115,1
27.34375,0.179663,0.072801,0.105032,0.061768,0.131657,0.059548,0.127913,0.250341,0.210061,0.000298,0.064615,0.151333,0.05768,0.057763,0.107426,0.205107,0.85751,0.833201,0.378506,0.572355,0.907463,0.91187,0.731245,0.65661,0.587052,0.554423,0.680024,0.941172,0.153746,0.583654,0.823386,1
27.734375,0.127253,0.039486,0.242504,0.174763,0.065808,0.003278,0.269713,0.311818,0.131336,0.093997,0.033941,0.107456,0.097681,0.005485,0.04822,0.066517,0.847195,0.806411,0.213259,0.450666,0.923569,0.879288,0.622731,0.595284,0.45851,0.395598,0.660104,0.903673,0.304077,0.607673,0.748293,1
28.125,0.162682,0.106174,0.12444,0.117522,0.027339,0.08595,0.243388,0.203285,0.099591,0.096593,0.02059,0.100539,0.184069,0.079783,0.00638,0.047165,0.7665,0.721427,0.097313,0.431358,0.841761,0.795545,0.616705,0.599367,0.459177,0.326552,0.656092,0.895626,0.176842,0.605193,0.716765,1
28.515625,0.027925,0.063153,0.077213,0.075911,0.063116,0.025458,0.103139,0.113262,0.167233,0.113773,0.065072,0.105483,0.010761,0.014913,0.050466,0.067173,0.828339,0.75634,0.194204,0.372945,0.860016,0.83772,0.645807,0.504309,0.486081,0.364849,0.636134,0.922989,0.185661,0.608515,0.74069,1
28.90625,0.096968,0.031661,0.135077,0.086036,0.035883,0.035296,0.152819,0.095188,0.143249,0.008236,0.010441,0.105659,0.012474,0.004739,0.036792,0.064351,0.83774,0.810527,0.349549,0.514173,0.878003,0.893094,0.731952,0.616744,0.747947,0.701859,0.7174,0.927274,0.185116,0.633621,0.823354,1
29.296875,0.077689,0.013182,0.265948,0.153601,0.080475,0.014745,0.335069,0.391723,0.343623,0.158286,0.023979,0.293112,0.124528,0.014469,0.023407,0.140445,0.883119,0.884418,0.289528,0.477192,0.867839,0.908759,0.716735,0.675452,0.76957,0.663082,0.770812,0.953796,0.276156,0.703005,0.863823,1
29.6875,0.060258,0.019564,0.199112,0.128832,0.015856,0.013592,0.231669,0.212258,0.37294,0.086653,0.009597,0.250953,0.05114,0.024489,0.015873,0.111758,0.854717,0.850685,0.308953,0.574135,0.879332,0.915208,0.74014,0.684488,0.759601,0.650079,0.750117,0.951564,0.20464,0.662522,0.864379,1
30.078125,0.167976,0.03209,0.146998,0.116642,0.012328,0.009952,0.261986,0.267003,0.2965,0.046481,0.006259,0.29177,0.066723,0.012207,0.013324,0.233633,0.803209,0.753985,0.260915,0.572819,0.829619,0.838282,0.683944,0.671411,0.615048,0.568722,0.554355,0.917121,0.008009,0.380976,0.759698,1
30.46875,0.156049,0.005849,0.301874,0.273983,0.10312,0.025193,0.364505,0.301357,0.367796,0.214166,0.096046,0.240014,0.049478,0.096028,0.064147,0.097361,0.867156,0.828201,0.307939,0.594928,0.887491,0.855639,0.692368,0.675509,0.728015,0.720425,0.735099,0.925691,0.080029,0.54122,0.851229,1
30.859375,0.161529,0.134899,0.306192,0.274623,0.021676,0.026654,0.298747,0.272286,0.228464,0.114066,0.018421,0.210753,0.003602,0.027876,0.013526,0.090464,0.89147,0.868806,0.355553,0.581307,0.917903,0.895653,0.718238,0.691327,0.707095,0.668969,0.814355,0.929396,0.281278,0.729262,0.870686,1
31.25,0.104263,0.033841,0.207709,0.217761,0.064031,0.05132,0.213142,0.182011,0.082522,0.009638,0.032229,0.13543,0.016825,0.000415,0.026535,0.058326,0.866081,0.827589,0.41724,0.510219,0.884478,0.859162,0.675047,0.579658,0.668364,0.634506,0.769622,0.901813,0.188054,0.662128,0.844287,1
31.640625,0.052566,0.008867,0.121699,0.065276,0.020808,0.012878,0.175114,0.161596,0.219738,0.017826,0.00781,0.110426,0.008948,0.013729,0.01016,0.057694,0.883098,0.850025,0.307089,0.537041,0.883969,0.902678,0.707922,0.642072,0.618812,0.593085,0.780054,0.932312,0.132964,0.673693,0.85799,1
32.03125,0.134522,0.003097,0.282803,0.218378,0.039653,0.026057,0.271904,0.308452,0.346679,0.032406,0.038786,0.237374,0.064225,0.011818,0.004929,0.046149,0.83825,0.803024,0.222516,0.51696,0.867648,0.891183,0.705049,0.66103,0.633229,0.588826,0.744685,0.940322,0.123857,0.578233,0.871888,1
32.421875,0.277471,0.016844,0.278056,0.211743,0.076339,0.026499,0.245196,0.284446,0.245477,0.113852,0.021005,0.214925,0.020867,0.015232,0.010785,0.086855,0.882771,0.846974,0.22918,0.529228,0.893569,0.93201,0.752746,0.668779,0.655253,0.553937,0.751648,0.951698,0.202167,0.602244,0.888995,1
32.8125,0.173358,0.088275,0.123053,0.061294,0.047634,0.03929,0.175465,0.187809,0.150343,0.018683,0.019559,0.107232,0.01329,0.097414,0.028296,0.039558,0.856002,0.855613,0.161077,0.415908,0.890926,0.914198,0.676374,0.581308,0.650866,0.56625,0.7485,0.945842,0.190677,0.602337,0.892418,1
33.203125,0.129003,0.128178,0.097706,0.075985,0.013241,0.047703,0.128916,0.190493,0.030404,0.006884,0.074927,0.053531,0.06871,0.037807,0.066327,0.009183,0.850665,0.828377,0.145552,0.259598,0.851727,0.88595,0.589578,0.434504,0.453244,0.316126,0.758171,0.907796,0.320297,0.666283,0.850967,1
33.59375,0.111267,0.046681,0.169512,0.123237,0.008684,0.046155,0.140341,0.169381,0.176439,0.051109,0.052107,0.194984,0.026292,0.039614,0.020547,0.010856,0.811358,0.808343,0.120572,0.367715,0.835705,0.869441,0.676977,0.548694,0.591866,0.554956,0.752014,0.923964,0.254428,0.639674,0.855846,1
33.984375,0.137068,0.028222,0.243039,0.202886,0.057594,0.023326,0.252635,0.288068,0.122546,0.028712,0.058331,0.271484,0.015041,0.01486,0.019904,0.012511,0.863132,0.860998,0.342792,0.501942,0.854309,0.852877,0.771658,0.660149,0.632857,0.658103,0.779323,0.938691,0.234113,0.645019,0.875321,1
34.375,0.10003,0.037769,0.143048,0.073871,0.040024,0.027106,0.218825,0.19486,0.259287,0.100283,0.08481,0.236921,0.009561,0.031569,0.038795,0.03442,0.87553,0.870077,0.248272,0.473131,0.884002,0.895087,0.678345,0.59363,0.522751,0.541443,0.776693,0.903449,0.329164,0.709466,0.836502,1
34.765625,0.151782,0.026387,0.21008,0.150223,0.076888,0.037045,0.281538,0.20284,0.210676,0.084121,0.038452,0.149757,0.025595,0.037759,0.062087,0.021141,0.851333,0.836698,0.271427,0.488277,0.894094,0.889363,0.713442,0.628237,0.640268,0.524974,0.792438,0.913699,0.18359,0.656991,0.885795,1
35.15625,0.326268,0.033656,0.278547,0.232524,0.110067,0.069883,0.326069,0.329741,0.256607,0.125525,0.009951,0.316868,0.07511,0.190866,0.167123,0.227273,0.890986,0.861512,0.305493,0.526825,0.89734,0.891837,0.743911,0.679482,0.683449,0.537138,0.778203,0.937827,0.26697,0.683212,0.887941,1
35.546875,0.270613,0.06485,0.262634,0.18884,0.018127,0.064863,0.252954,0.268882,0.257411,0.021783,0.067313,0.252245,0.071308,0.05399,0.071169,0.273975,0.847362,0.817392,0.207694,0.519432,0.882516,0.883899,0.737034,0.678919,0.686161,0.571032,0.764978,0.945989,0.217816,0.688284,0.868645,1
35.9375,0.120886,0.034016,0.236661,0.195765,0.034008,0.033433,0.251019,0.257083,0.371633,0.084081,0.019197,0.237747,0.049942,0.014827,0.040885,0.119795,0.854288,0.840455,0.2593,0.585382,0.886117,0.871536,0.742941,0.704289,0.726675,0.615191,0.78984,0.930751,0.196094,0.718179,0.877558,1
36.328125,0.086132,0.033629,0.272806,0.118013,0.01671,0.06925,0.236765,0.165115,0.261306,0.076599,0.004722,0.124866,0.012656,0.072715,0.012104,0.026538,0.82679,0.802192,0.127774,0.507055,0.852226,0.835269,0.692162,0.668482,0.616638,0.553025,0.76676,0.935178,0.16992,0.635356,0.888373,1
36.71875,0.143529,0.127492,0.116121,0.029223,0.032262,0.033398,0.182654,0.161376,0.149684,0.089038,0.035338,0.056185,0.001883,0.044034,0.041205,0.035983,0.85405,0.827188,0.270855,0.59762,0.88944,0.882368,0.715693,0.691081,0.722998,0.658264,0.786086,0.931767,0.160777,0.683566,0.874384,1
37.109375,0.193123,0.146831,0.353912,0.179354,0.083117,0.025583,0.362745,0.413397,0.246756,0.190727,0.070077,0.292573,0.044409,0.112396,0.125192,0.092331,0.876957,0.849434,0.360273,0.545964,0.923633,0.917508,0.776375,0.713696,0.777845,0.738949,0.823876,0.951801,0.225796,0.748334,0.891772,1
37.5,0.136686,0.03935,0.295833,0.216729,0.083469,0.010086,0.332312,0.300816,0.25222,0.075028,0.028149,0.355908,0.090149,0.035049,0.053644,0.057733,0.823533,0.794251,0.249517,0.538495,0.889731,0.870062,0.680573,0.6562,0.649337,0.589206,0.750216,0.928163,0.199143,0.664099,0.853257,1
37.890625,0.146927,0.090746,0.244951,0.171251,0.051918,0.040966,0.368196,0.379101,0.232532,0.032186,0.014547,0.200128,0.03656,0.001467,0.009867,0.101949,0.862565,0.853582,0.326795,0.584521,0.889997,0.873048,0.719891,0.68191,0.628385,0.528971,0.747258,0.952827,0.109837,0.615527,0.877182,1
38.28125,0.386693,0.051172,0.472278,0.273703,0.18233,0.010517,0.545687,0.552418,0.480698,0.036334,0.067524,0.424477,0.116518,0.1391,0.242301,0.279569,0.858701,0.827722,0.276962,0.594158,0.909452,0.904209,0.779851,0.755909,0.665773,0.523932,0.783077,0.951672,0.132924,0.679813,0.90503,1
38.671875,0.356665,0.086744,0.382687,0.305082,0.099001,0.058041,0.416131,0.47873,0.331744,0.094704,0.049585,0.265064,0.081973,0.048921,0.019317,0.105439,0.856201,0.824184,0.452397,0.684263,0.897935,0.91756,0.816948,0.795235,0.757007,0.669784,0.756698,0.959796,0.075022,0.605806,0.898899,1
39.0625,0.37501,0.03682,0.3989,0.228922,0.043475,0.030975,0.341562,0.349195,0.34401,0.038931,0.007691,0.336018,0.041954,0.054057,0.042893,0.193624,0.90676,0.876573,0.325076,0.663236,0.917012,0.93114,0.795651,0.764752,0.709534,0.631147,0.812282,0.964055,0.223594,0.728201,0.928747,1
39.453125,0.312793,0.085068,0.366124,0.252968,0.043764,0.01021,0.385305,0.408619,0.436695,0.090931,0.010723,0.3491,0.013161,0.221751,0.074289,0.173788,0.882307,0.846029,0.375761,0.687681,0.89903,0.90661,0.849164,0.840249,0.803893,0.711006,0.813618,0.965189,0.093958,0.664705,0.922634,1
39.84375,0.273156,0.119546,0.448901,0.392256,0.059526,0.038098,0.471608,0.466576,0.398413,0.108951,0.030087,0.268821,0.044988,0.097299,0.03902,0.093718,0.902173,0.882008,0.328527,0.710847,0.913609,0.909517,0.850516,0.834254,0.808027,0.712531,0.842275,0.967064,0.160196,0.737207,0.930995,1
40.234375,0.264056,0.258254,0.501231,0.274224,0.176774,0.138285,0.512791,0.497288,0.381199,0.067717,0.090977,0.432599,0.176489,0.155249,0.085295,0.204117,0.925055,0.906868,0.203741,0.65841,0.928737,0.90522,0.806624,0.788978,0.727677,0.582408,0.833113,0.963183,0.181166,0.70623,0.928454,1
40.625,0.271932,0.065037,0.416292,0.290222,0.083489,0.023248,0.373674,0.409742,0.310326,0.066952,0.074908,0.3854,0.186404,0.0341,0.036053,0.148647,0.888869,0.854859,0.383313,0.640746,0.934603,0.920593,0.81743,0.787915,0.743083,0.716295,0.84591,0.963567,0.136962,0.719261,0.904774,1
41.015625,0.294437,0.023553,0.39737,0.323991,0.2686,0.133413,0.388739,0.453578,0.334133,0.036228,0.151948,0.425375,0.175716,0.122315,0.1051,0.281258,0.903768,0.86789,0.22073,0.583531,0.940736,0.924226,0.786397,0.736457,0.741236,0.669315,0.821453,0.959792,0.130003,0.678015,0.940072,1
41.40625,0.33388,0.107829,0.391326,0.217339,0.071981,0.05255,0.387858,0.368426,0.35904,0.055225,0.064207,0.313159,0.036113,0.104257,0.082419,0.163616,0.883456,0.859911,0.223918,0.654941,0.934316,0.911232,0.81694,0.795325,0.786229,0.695584,0.825552,0.959261,0.142144,0.665712,0.941786,1
41.796875,0.203908,0.183176,0.243697,0.175474,0.094964,0.035525,0.269352,0.209277,0.282944,0.023095,0.038253,0.213482,0.023528,0.103515,0.024212,0.167693,0.878504,0.869394,0.214903,0.54391,0.92734,0.909581,0.731082,0.760057,0.72448,0.608448,0.864113,0.954502,0.252152,0.745671,0.939418,1
42.1875,0.250504,0.210115,0.36044,0.263734,0.072571,0.074104,0.398636,0.343491,0.349576,0.116233,0.012094,0.268713,0.020745,0.049148,0.007878,0.092885,0.898719,0.865815,0.325296,0.652316,0.923662,0.894672,0.734036,0.762515,0.678506,0.625413,0.853881,0.946927,0.133575,0.743541,0.924525,1
42.578125,0.336978,0.113089,0.450821,0.307477,0.180416,0.003562,0.442906,0.32546,0.465302,0.009513,0.164903,0.496989,0.01209,0.015073,0.097589,0.380286,0.895617,0.848995,0.330621,0.675214,0.916448,0.887951,0.779451,0.796589,0.678864,0.626225,0.854692,0.95797,0.100445,0.72707,0.92046,1
42.96875,0.352943,0.074035,0.477825,0.273945,0.232235,0.023172,0.511721,0.498667,0.436952,0.00725,0.053787,0.557148,0.08409,0.011513,0.039167,0.423924,0.893388,0.877487,0.219449,0.583126,0.926069,0.941767,0.776813,0.765009,0.753923,0.625956,0.864761,0.957115,0.239511,0.748785,0.940269,1
43.359375,0.52175,0.08874,0.515768,0.425931,0.108927,0.066622,0.581044,0.53682,0.495279,0.060752,0.020597,0.708797,0.247506,0.080023,0.138188,0.481432,0.93485,0.92862,0.408538,0.7385,0.948613,0.959909,0.856218,0.83832,0.806428,0.7399,0.918404,0.976382,0.331439,0.856716,0.962737,1
43.75,0.324306,0.096163,0.432463,0.318751,0.064326,0.029566,0.465422,0.405441,0.410346,0.095156,0.010817,0.522352,0.127359,0.034584,0.098235,0.303643,0.893386,0.868076,0.188311,0.545094,0.909436,0.929371,0.702905,0.709105,0.707224,0.668894,0.860056,0.956231,0.12301,0.743026,0.943352,1
44.140625,0.224884,0.152669,0.417591,0.309838,0.013173,0.039716,0.426783,0.393586,0.482357,0.183446,0.044265,0.351567,0.125903,0.135454,0.015891,0.094638,0.893019,0.890189,0.289264,0.673937,0.921794,0.941302,0.819192,0.808879,0.776384,0.705451,0.915972,0.973546,0.25388,0.83895,0.954728,1
44.53125,0.236997,0.083685,0.421446,0.265435,0.094162,0.0306,0.419134,0.371782,0.502363,0.114216,0.053324,0.457629,0.141078,0.096059,0.048763,0.355726,0.905116,0.869043,0.308473,0.724716,0.947203,0.917813,0.850738,0.844582,0.782256,0.715762,0.898895,0.97588,0.077965,0.789625,0.956032,1
44.921875,0.228001,0.092184,0.436075,0.27151,0.182886,0.004257,0.403946,0.388689,0.489338,0.119141,0.143057,0.353067,0.053034,0.050527,0.058734,0.321089,0.886641,0.85025,0.509824,0.763654,0.931851,0.906711,0.862186,0.854884,0.828818,0.770256,0.884508,0.970442,0.020889,0.706895,0.950287,1
45.3125,0.19094,0.106445,0.288117,0.300355,0.0777,0.105439,0.41932,0.353305,0.451103,0.106857,0.019365,0.308606,0.153434,0.198977,0.019748,0.11639,0.894898,0.844667,0.456692,0.704625,0.947458,0.922387,0.844746,0.826395,0.788777,0.722129,0.861387,0.971263,0.176867,0.7402,0.942752,1
45.703125,0.271804,0.168261,0.392095,0.327613,0.075689,0.125082,0.490321,0.452858,0.473751,0.138494,0.052668,0.380131,0.24029,0.169459,0.10601,0.172828,0.917934,0.870449,0.476826,0.747074,0.938467,0.941367,0.839822,0.830695,0.831762,0.726804,0.854457,0.964745,0.178651,0.735246,0.941369,1
46.09375,0.252922,0.179862,0.34993,0.25672,0.045026,0.172389,0.381602,0.367487,0.355885,0.07798,0.054566,0.367524,0.080995,0.139727,0.046473,0.089451,0.917248,0.865323,0.467909,0.748243,0.932033,0.934522,0.855457,0.822271,0.790343,0.682516,0.865771,0.96927,0.157146,0.769004,0.944404,1
46.484375,0.100713,0.069439,0.306888,0.25405,0.105383,0.086737,0.347156,0.254149,0.357039,0.044063,0.04281,0.28678,0.0509,0.104632,0.061182,0.133852,0.882914,0.829506,0.440846,0.735683,0.911196,0.930396,0.826535,0.838789,0.747525,0.703109,0.875304,0.968262,0.078023,0.751645,0.948472,1
46.875,0.21504,0.038308,0.386672,0.236515,0.172169,0.045992,0.3963,0.335534,0.416983,0.009086,0.04957,0.475275,0.149512,0.112745,0.092443,0.310044,0.918648,0.900871,0.374522,0.717954,0.919389,0.935073,0.810409,0.807363,0.800559,0.775368,0.928851,0.963884,0.128175,0.800828,0.960199,1
47.265625,0.466495,0.163938,0.480607,0.374496,0.217177,0.157642,0.540952,0.521309,0.435733,0.040905,0.115468,0.59425,0.257783,0.231994,0.141067,0.482456,0.890237,0.897235,0.249087,0.59712,0.907518,0.905571,0.765109,0.7469,0.668193,0.615823,0.895154,0.956042,0.164179,0.738091,0.949089,1
47.65625,0.267378,0.085974,0.356649,0.22161,0.086904,0.106899,0.329843,0.378365,0.340128,0.042738,0.061549,0.365312,0.231265,0.143042,0.08132,0.221167,0.900808,0.916131,0.313804,0.686979,0.901343,0.92591,0.776203,0.773362,0.714395,0.611443,0.889239,0.957608,0.1929,0.756508,0.953334,1
48.046875,0.320854,0.117812,0.436325,0.315,0.11225,0.198347,0.458955,0.445412,0.468363,0.034508,0.05347,0.536501,0.261961,0.233064,0.118636,0.246478,0.907271,0.890377,0.198963,0.691367,0.931129,0.940333,0.83752,0.846872,0.819773,0.71515,0.921439,0.970847,0.273182,0.824512,0.964607,1
48.4375,0.410685,0.161603,0.435604,0.312192,0.117196,0.200026,0.444797,0.438002,0.363641,0.019229,0.039596,0.466468,0.250787,0.285858,0.123577,0.205762,0.898689,0.891669,0.351179,0.701278,0.930437,0.919305,0.84386,0.816746,0.823143,0.760943,0.910522,0.972798,0.089586,0.785363,0.961432,1
48.828125,0.428052,0.135627,0.462027,0.341965,0.199798,0.12806,0.541702,0.46292,0.444923,0.011202,0.142971,0.518577,0.323715,0.153002,0.149427,0.402382,0.911263,0.879395,0.390976,0.722786,0.928957,0.942138,0.818888,0.803888,0.850116,0.759266,0.917135,0.970244,0.126006,0.803442,0.960438,1
49.21875,0.329853,0.349871,0.474147,0.383191,0.187706,0.331187,0.450306,0.453175,0.435731,0.026426,0.029287,0.429606,0.13177,0.214463,0.099484,0.351706,0.878905,0.847848,0.327293,0.736566,0.924299,0.937427,0.815547,0.833493,0.844753,0.73488,0.893105,0.975474,0.059435,0.753808,0.956549,1
49.609375,0.446198,0.345169,0.455537,0.303,0.180334,0.20977,0.464361,0.483857,0.360351,0.053009,0.069057,0.563391,0.088667,0.078075,0.148476,0.284411,0.901389,0.88153,0.287691,0.679852,0.92104,0.925203,0.802282,0.813621,0.820465,0.78396,0.914545,0.969154,0.148642,0.789247,0.961173,1
50,0.25109,0.246465,0.320003,0.251431,0.054971,0.158789,0.39392,0.412435,0.424315,0.017369,0.015718,0.359485,0.168176,0.056919,0.064236,0.299621,0.901815,0.864585,0.276292,0.716913,0.899271,0.913949,0.801801,0.836744,0.84843,0.785819,0.90241,0.969202,0.111954,0.777493,0.966429,1
50.390625,0.328137,0.091558,0.423093,0.277265,0.07185,0.032109,0.448169,0.397941,0.397869,0.093503,0.013196,0.514871,0.13773,0.114828,0.056309,0.424526,0.888112,0.852798,0.26033,0.67136,0.902424,0.909944,0.800319,0.798302,0.758955,0.72282,0.905291,0.960966,0.205367,0.786968,0.970274,1
50.78125,0.456955,0.156583,0.53025,0.39057,0.201564,0.011668,0.569281,0.509624,0.487529,0.008061,0.07205,0.530222,0.130066,0.071449,0.134608,0.463649,0.918889,0.896695,0.298669,0.739369,0.932637,0.940631,0.83886,0.848987,0.827552,0.727628,0.911126,0.981925,0.153332,0.805584,0.978037,1
51.171875,0.420746,0.225511,0.436046,0.395904,0.095118,0.143318,0.465802,0.487592,0.552987,0.039121,0.075652,0.485189,0.191558,0.173408,0.04489,0.242284,0.886479,0.849813,0.327427,0.736613,0.926639,0.918954,0.84506,0.868928,0.786971,0.716443,0.904019,0.979064,0.083687,0.753645,0.967126,1
51.5625,0.418513,0.307981,0.513706,0.441493,0.183375,0.161068,0.544818,0.640338,0.545813,0.064695,0.031576,0.461367,0.262994,0.315461,0.20362,0.247372,0.927121,0.90276,0.463842,0.825229,0.940917,0.939652,0.88239,0.903304,0.882063,0.849681,0.932364,0.981036,0.143793,0.834097,0.972258,1
51.953125,0.427137,0.201188,0.505146,0.310467,0.122029,0.088512,0.531333,0.486555,0.415956,0.063877,0.032591,0.396219,0.153657,0.251246,0.175154,0.191068,0.941171,0.906343,0.452998,0.778926,0.939927,0.936153,0.871361,0.879551,0.875337,0.866355,0.943087,0.979148,0.204454,0.873486,0.98084,1
52.34375,0.375745,0.134628,0.391503,0.332432,0.048523,0.014577,0.421889,0.422672,0.373024,0.094637,0.02868,0.39857,0.063548,0.158227,0.119418,0.120281,0.93974,0.899874,0.417289,0.730405,0.921177,0.916874,0.830959,0.842977,0.817621,0.778705,0.928692,0.970348,0.097589,0.802628,0.972055,1
52.734375,0.582028,0.213869,0.658707,0.57363,0.180885,0.06519,0.716604,0.700672,0.595107,0.070781,0.030176,0.664456,0.236895,0.334581,0.198216,0.413963,0.952479,0.937256,0.574501,0.837063,0.959209,0.950149,0.908855,0.911757,0.87145,0.803608,0.946772,0.979613,0.096773,0.857207,0.982767,1
53.125,0.27874,0.190178,0.485905,0.356089,0.156219,0.204872,0.538303,0.487093,0.508443,0.120772,0.082336,0.475615,0.087494,0.265713,0.137137,0.252282,0.921214,0.902715,0.315925,0.708388,0.922546,0.913434,0.827781,0.847243,0.793429,0.687512,0.952951,0.97019,0.074803,0.856364,0.973143,1
53.515625,0.341285,0.193079,0.534864,0.522482,0.265446,0.174423,0.533229,0.514278,0.516349,0.135865,0.089704,0.591552,0.213606,0.218993,0.170281,0.272938,0.936003,0.922136,0.276972,0.757798,0.952689,0.958987,0.861539,0.881903,0.824242,0.754514,0.943025,0.974446,0.045251,0.803555,0.9755,1
53.90625,0.399032,0.222374,0.527833,0.474968,0.277848,0.149961,0.592428,0.599386,0.435282,0.081576,0.054724,0.626742,0.263697,0.199145,0.143518,0.352529,0.946829,0.935181,0.332296,0.777062,0.933507,0.953817,0.86596,0.8916,0.865543,0.845167,0.935433,0.980695,0.063618,0.821929,0.977869,1
54.296875,0.255441,0.155744,0.467428,0.388682,0.135759,0.088254,0.523921,0.506612,0.489601,0.190393,0.025818,0.539761,0.249026,0.270267,0.02156,0.305844,0.926493,0.897007,0.436801,0.744202,0.937027,0.945236,0.855209,0.873693,0.809663,0.766811,0.92521,0.974688,0.064135,0.779094,0.975668,1
54.6875,0.449742,0.204107,0.54295,0.471598,0.372125,0.081159,0.529569,0.492378,0.447215,0.036032,0.126861,0.629653,0.13859,0.036171,0.156849,0.42251,0.893573,0.869851,0.375032,0.779708,0.913813,0.940929,0.863851,0.882051,0.805264,0.739296,0.924556,0.969294,0.091717,0.808446,0.974174,1
55.078125,0.505241,0.203197,0.407182,0.275892,0.11224,0.092331,0.447252,0.473856,0.448831,0.056693,0.049896,0.578423,0.178231,0.167876,0.153235,0.423126,0.92872,0.900393,0.449504,0.821251,0.937001,0.932882,0.893352,0.910081,0.841818,0.802008,0.946024,0.984388,0.091798,0.835833,0.982179,1
55.46875,0.391826,0.196895,0.490391,0.444844,0.154229,0.202785,0.584891,0.600231,0.541694,0.190822,0.011061,0.540968,0.266683,0.135851,0.03999,0.393992,0.932245,0.907951,0.256155,0.770966,0.933239,0.932398,0.845985,0.887191,0.791597,0.758837,0.944556,0.978808,0.030311,0.848285,0.98099,1
55.859375,0.407156,0.102268,0.614731,0.649676,0.221621,0.117079,0.705782,0.650443,0.641585,0.102932,0.011433,0.539143,0.349114,0.15706,0.071976,0.261759,0.918995,0.904331,0.232266,0.806361,0.925701,0.93704,0.868757,0.915486,0.842363,0.780209,0.949297,0.979465,0.027428,0.841146,0.979582,1
56.25,0.371301,0.240131,0.57602,0.521417,0.260566,0.167402,0.584321,0.551802,0.538356,0.102197,0.031753,0.463102,0.206674,0.170298,0.032815,0.188591,0.911088,0.901501,0.122447,0.607777,0.884267,0.925717,0.763146,0.833349,0.785817,0.685618,0.939198,0.972591,0.238978,0.851598,0.979083,1
56.640625,0.39807,0.174099,0.311455,0.242279,0.108805,0.054003,0.429313,0.380933,0.348373,0.017054,0.175163,0.461931,0.080145,0.076573,0.157733,0.264841,0.904259,0.868621,0.116249,0.481763,0.848001,0.890039,0.640427,0.710681,0.702234,0.596361,0.905324,0.954166,0.1274,0.772655,0.965304,1
57.03125,0.294381,0.222821,0.447863,0.297656,0.143235,0.170814,0.467845,0.446656,0.40975,0.176474,0.022367,0.474233,0.198696,0.158467,0.019996,0.307943,0.879379,0.841985,0.064843,0.558096,0.880071,0.921865,0.684396,0.771511,0.685915,0.606809,0.919929,0.953306,0.192416,0.792934,0.973136,1
57.421875,0.501478,0.212427,0.531704,0.449259,0.223977,0.179517,0.57004,0.541168,0.5148,0.089146,0.03114,0.493201,0.152554,0.20905,0.125462,0.368904,0.913788,0.87688,0.145174,0.633437,0.883636,0.888817,0.744878,0.820073,0.707913,0.736735,0.940174,0.964155,0.066481,0.808939,0.982277,1
57.8125,0.470869,0.235319,0.510723,0.525436,0.153252,0.218697,0.517952,0.449494,0.43633,0.14166,0.019698,0.49631,0.091601,0.257152,0.074943,0.265034,0.895747,0.885771,0.259481,0.710373,0.913592,0.915008,0.822802,0.858713,0.772485,0.685066,0.933166,0.971321,0.054696,0.815903,0.976824,1
58.203125,0.364174,0.265233,0.562957,0.571265,0.148676,0.177123,0.579841,0.571286,0.590349,0.123494,0.066251,0.472975,0.270289,0.206846,0.051068,0.276864,0.898898,0.892213,0.328401,0.731499,0.908725,0.926774,0.820678,0.860247,0.801228,0.707772,0.933047,0.972779,0.139457,0.839021,0.981296,1
58.59375,0.546417,0.340287,0.664968,0.64362,0.165282,0.219487,0.742158,0.732294,0.686437,0.09351,0.062767,0.481134,0.207429,0.316863,0.045832,0.43304,0.921476,0.910325,0.197998,0.711982,0.912891,0.934464,0.796175,0.854733,0.783283,0.704359,0.941908,0.974944,0.146611,0.833426,0.980751,1
58.984375,0.582742,0.159864,0.571543,0.507689,0.186935,0.202264,0.581128,0.61762,0.478154,0.040788,0.053933,0.508162,0.218704,0.298618,0.082795,0.286851,0.893169,0.85876,0.29217,0.711096,0.896221,0.924117,0.793269,0.854399,0.763505,0.721547,0.910296,0.976181,0.05624,0.746085,0.970231,1
59.375,0.143562,0.057231,0.319275,0.204816,0.048936,0.005352,0.412428,0.410385,0.324652,0.041591,0.00902,0.216239,0.104043,0.193472,0.028756,0.14077,0.870028,0.847781,0.286203,0.709735,0.877501,0.912799,0.778881,0.814159,0.748962,0.70328,0.928226,0.964167,0.035019,0.767243,0.976312,1
59.765625,0.305046,0.071804,0.408625,0.255624,0.201946,0.062064,0.463087,0.456137,0.470117,0.046182,0.035525,0.384117,0.244487,0.176929,0.024762,0.143204,0.932765,0.900335,0.262137,0.738025,0.898315,0.925631,0.771265,0.832778,0.753193,0.726736,0.956475,0.949707,0.187868,0.850851,0.979246,1
60.15625,0.473504,0.180386,0.456282,0.282599,0.186997,0.257273,0.509188,0.507311,0.490579,0.067215,0.119695,0.427931,0.229425,0.216582,0.072303,0.150608,0.936553,0.909855,0.19533,0.67968,0.913552,0.931535,0.769623,0.832745,0.728926,0.648269,0.942498,0.958919,0.264158,0.829157,0.979234,1
60.546875,0.396595,0.09139,0.330468,0.248976,0.171697,0.055027,0.479782,0.452869,0.286995,0.028705,0.06633,0.377059,0.131414,0.240285,0.129022,0.141868,0.925883,0.890421,0.353187,0.714063,0.920515,0.923343,0.802641,0.852913,0.802943,0.683774,0.924431,0.969602,0.181854,0.80184,0.973543,1
60.9375,0.39357,0.169332,0.477102,0.443946,0.253353,0.135882,0.544286,0.490256,0.439324,0.090989,0.061152,0.564907,0.181045,0.130746,0.201771,0.224356,0.90502,0.859912,0.198589,0.659185,0.887374,0.921657,0.782023,0.83571,0.746703,0.657865,0.933651,0.964199,0.142935,0.80535,0.978606,1
61.328125,0.48011,0.17777,0.493869,0.478735,0.251582,0.233627,0.542274,0.465451,0.482014,0.068977,0.018014,0.59829,0.171519,0.144467,0.06697,0.28973,0.930682,0.881685,0.216335,0.731608,0.925928,0.933567,0.791875,0.866923,0.78571,0.736624,0.936229,0.96616,0.133907,0.83432,0.983383,1
61.71875,0.496801,0.095816,0.47079,0.434367,0.206774,0.125449,0.497971,0.444909,0.438064,0.119681,0.075475,0.513305,0.204978,0.16632,0.109,0.287356,0.91025,0.882064,0.343983,0.785904,0.924092,0.940497,0.862736,0.875741,0.830604,0.725433,0.945742,0.970131,0.262808,0.862209,0.98157,1
62.109375,0.428568,0.068606,0.46633,0.279248,0.127943,0.058373,0.53764,0.450779,0.452161,0.181105,0.082723,0.486467,0.102595,0.172379,0.207179,0.26031,0.914742,0.891203,0.349803,0.714601,0.888436,0.924097,0.795883,0.837959,0.769805,0.706385,0.944002,0.961642,0.180367,0.843742,0.976965,1
62.5,0.201991,0.067749,0.380388,0.306128,0.083393,0.056026,0.425059,0.378,0.389272,0.191738,0.026933,0.275407,0.18674,0.160987,0.030141,0.025622,0.913126,0.877571,0.277791,0.720998,0.885278,0.932255,0.761035,0.834289,0.72431,0.690087,0.926111,0.958029,0.070326,0.784365,0.975274,1
62.890625,0.349414,0.058555,0.481219,0.370078,0.061376,0.033932,0.500087,0.439186,0.402254,0.240834,0.021099,0.338127,0.203816,0.167363,0.034119,0.097765,0.897681,0.873281,0.216947,0.637979,0.870254,0.90873,0.706583,0.791118,0.669188,0.568647,0.905784,0.959404,0.11773,0.77097,0.969471,1
63.28125,0.388846,0.238797,0.556531,0.429156,0.177318,0.238024,0.483734,0.484888,0.509354,0.226354,0.026523,0.467811,0.238911,0.190125,0.046384,0.214559,0.910288,0.889552,0.235752,0.759559,0.898218,0.929788,0.771118,0.835115,0.785761,0.735887,0.925839,0.958008,0.080014,0.773991,0.977056,1
63.671875,0.29139,0.104552,0.422719,0.38068,0.106024,0.102128,0.455089,0.401337,0.410582,0.246392,0.064108,0.407934,0.163961,0.264578,0.08509,0.179898,0.898181,0.890414,0.315494,0.747869,0.88646,0.924286,0.80255,0.845584,0.77552,0.705357,0.934854,0.96726,0.103164,0.823179,0.970777,1
64.0625,0.267792,0.042546,0.449507,0.295232,0.096815,0.01332,0.442654,0.476834,0.382647,0.149511,0.012896,0.326136,0.029678,0.123681,0.01097,0.132141,0.889028,0.877288,0.205871,0.666934,0.876736,0.915282,0.740164,0.808532,0.719366,0.599562,0.924854,0.950617,0.141731,0.821064,0.965387,1
64.453125,0.326522,0.106667,0.421231,0.336923,0.046608,0.030884,0.46821,0.440255,0.388048,0.118233,0.008913,0.322079,0.124182,0.099283,0.02428,0.120601,0.920095,0.888273,0.256912,0.73582,0.89831,0.931386,0.796775,0.875958,0.762676,0.696469,0.939246,0.962984,0.157153,0.838229,0.974865,1
64.84375,0.351855,0.152431,0.430455,0.3165,0.157299,0.070107,0.440538,0.353746,0.325788,0.077338,0.054526,0.434587,0.226048,0.12027,0.177393,0.163621,0.863423,0.820242,0.163478,0.567252,0.863843,0.860949,0.710085,0.812834,0.709601,0.66106,0.91221,0.952487,0.066377,0.779171,0.966059,1
65.234375,0.362829,0.133776,0.354899,0.279669,0.20068,0.077779,0.414836,0.3661,0.326334,0.034174,0.041062,0.453802,0.096441,0.075629,0.14219,0.269518,0.818964,0.765345,0.108312,0.471988,0.869835,0.860154,0.684552,0.754504,0.58895,0.47296,0.903181,0.952187,0.119509,0.764603,0.970704,1
65.625,0.169279,0.028239,0.287858,0.187153,0.134008,0.073126,0.392649,0.321925,0.388948,0.128236,0.011509,0.457289,0.112842,0.045498,0.039879,0.100807,0.843926,0.816629,0.132913,0.562732,0.861765,0.883624,0.722582,0.77369,0.626657,0.574084,0.906149,0.951121,0.10369,0.737899,0.970262,1
66.015625,0.161106,0.072224,0.411702,0.3515,0.142562,0.088839,0.520973,0.509735,0.425461,0.163545,0.012816,0.387179,0.07581,0.021801,0.057775,0.060894,0.872392,0.801307,0.263894,0.630175,0.850827,0.872792,0.710351,0.761468,0.69208,0.641412,0.886701,0.939013,0.029706,0.666035,0.962183,1
66.40625,0.130917,0.001252,0.225023,0.223573,0.031925,0.03028,0.326414,0.31078,0.22914,0.095537,0.00007179902,0.226649,0.011238,0.031458,0.00523,0.033751,0.827825,0.735494,0.223843,0.559449,0.841613,0.854024,0.656246,0.731288,0.599303,0.53759,0.914585,0.945842,0.051437,0.721845,0.964679,1
66.796875,0.344313,0.097917,0.416027,0.358056,0.036041,0.087262,0.471487,0.445084,0.322884,0.230961,0.033509,0.255259,0.043267,0.061574,0.032425,0.039983,0.89113,0.839608,0.273771,0.631642,0.891513,0.8759,0.715869,0.7947,0.722024,0.6506,0.927632,0.952734,0.049501,0.796965,0.971758,1
67.1875,0.348312,0.153139,0.3204,0.184674,0.100612,0.174809,0.458491,0.406932,0.271521,0.105275,0.025171,0.295616,0.088546,0.073986,0.017936,0.123703,0.845064,0.816053,0.386346,0.685539,0.868872,0.895643,0.759199,0.817318,0.742,0.691142,0.919049,0.949866,0.086627,0.791022,0.95882,1
67.578125,0.385437,0.157316,0.410223,0.230269,0.178823,0.103073,0.510669,0.500163,0.201862,0.173629,0.019381,0.302954,0.054022,0.107919,0.095329,0.11165,0.869854,0.858611,0.160181,0.610701,0.912505,0.900728,0.760371,0.802944,0.729748,0.650105,0.904953,0.964111,0.151565,0.774548,0.971752,1
67.96875,0.274869,0.055565,0.381926,0.324125,0.019353,0.022064,0.468659,0.427274,0.410379,0.196936,0.063159,0.351184,0.176834,0.06416,0.033757,0.104462,0.903334,0.894827,0.363708,0.694347,0.922126,0.937515,0.798033,0.831559,0.797799,0.676359,0.910897,0.958088,0.082639,0.778681,0.979709,1
68.359375,0.218751,0.057125,0.412782,0.306455,0.035899,0.055869,0.47427,0.508135,0.431076,0.158735,0.00407,0.406342,0.173417,0.093914,0.034142,0.057089,0.771717,0.747998,0.17704,0.617924,0.87503,0.880767,0.732317,0.805254,0.641298,0.588649,0.873933,0.955033,0.03672,0.647742,0.967375,1
68.75,0.200022,0.082446,0.27871,0.235492,0.141437,0.067993,0.356861,0.395976,0.234461,0.246482,0.001109,0.329658,0.048708,0.046902,0.01817,0.101587,0.827368,0.798703,0.177092,0.639749,0.878793,0.862211,0.748564,0.810309,0.687746,0.58993,0.86731,0.949214,0.028534,0.626066,0.960956,1
69.140625,0.273494,0.099249,0.44292,0.326735,0.1873,0.02043,0.529663,0.535757,0.242542,0.040156,0.026362,0.442486,0.087517,0.070274,0.028936,0.05018,0.826292,0.801335,0.126412,0.540299,0.84313,0.824231,0.676148,0.735181,0.589372,0.581033,0.844762,0.940409,0.036892,0.648352,0.954246,1
69.53125,0.208817,0.071487,0.304082,0.350386,0.114151,0.025843,0.357637,0.331359,0.203195,0.048308,0.014905,0.201898,0.053489,0.10212,0.052813,0.033801,0.845317,0.807227,0.286509,0.691153,0.860885,0.843764,0.779964,0.822777,0.662918,0.65413,0.87699,0.953943,0.024692,0.633118,0.957808,1
69.921875,0.254004,0.064894,0.440021,0.396649,0.061775,0.061365,0.482083,0.478692,0.509408,0.163185,0.016955,0.417367,0.245559,0.132622,0.027138,0.158057,0.902156,0.856781,0.178962,0.625843,0.877183,0.885786,0.758886,0.814023,0.748096,0.685547,0.930338,0.958115,0.116033,0.799024,0.963663,1
70.3125,0.146632,0.09475,0.351038,0.239034,0.038818,0.052353,0.462218,0.37657,0.306628,0.171729,0.023755,0.345277,0.054428,0.170505,0.040591,0.034403,0.865131,0.825585,0.264537,0.625859,0.881151,0.876524,0.751778,0.791419,0.745362,0.658919,0.933816,0.959282,0.124407,0.787542,0.969116,1
70.703125,0.120429,0.044629,0.219743,0.214034,0.097971,0.020567,0.326156,0.332876,0.401454,0.029591,0.056296,0.223094,0.125681,0.064722,0.035093,0.124262,0.839745,0.803407,0.203753,0.630323,0.896679,0.914453,0.741198,0.785417,0.718142,0.604524,0.880467,0.937972,0.113455,0.724329,0.969022,1
71.09375,0.12508,0.032619,0.129899,0.119169,0.081794,0.029271,0.222549,0.268415,0.295033,0.03816,0.063489,0.264704,0.061162,0.049318,0.010909,0.162705,0.858693,0.869282,0.137953,0.554919,0.917462,0.886625,0.684755,0.756795,0.683633,0.538153,0.913047,0.9476,0.162719,0.770752,0.971289,1
71.484375,0.075058,0.066498,0.314191,0.196484,0.06155,0.030791,0.343451,0.411032,0.378321,0.073925,0.052117,0.250869,0.097458,0.048513,0.008792,0.171587,0.842511,0.814902,0.153329,0.553828,0.851515,0.844531,0.656018,0.721921,0.672084,0.525454,0.908695,0.934805,0.044199,0.691412,0.964064,1
71.875,0.087991,0.059634,0.201056,0.17785,0.013166,0.038667,0.241018,0.257055,0.309949,0.124853,0.070407,0.100583,0.082591,0.063913,0.030727,0.025762,0.859599,0.82789,0.240487,0.636707,0.894338,0.905501,0.72428,0.761887,0.681556,0.563223,0.908245,0.930291,0.047457,0.750869,0.974507,1
72.265625,0.209761,0.038434,0.286918,0.232611,0.112889,0.026895,0.350369,0.371739,0.311083,0.064113,0.005574,0.302263,0.127417,0.001643,0.0518,0.193169,0.864133,0.831301,0.344883,0.665077,0.88424,0.884248,0.774339,0.788736,0.725093,0.62885,0.928379,0.95277,0.007433,0.753298,0.962616,1
72.65625,0.079244,0.092517,0.188704,0.15581,0.068054,0.045802,0.222464,0.255817,0.194857,0.088199,0.068936,0.201052,0.067464,0.076577,0.007574,0.005838,0.871065,0.839543,0.308225,0.67835,0.89304,0.914678,0.709853,0.775487,0.739511,0.64028,0.932189,0.946981,0.103732,0.76114,0.970823,1
73.046875,0.128491,0.062561,0.27007,0.103379,0.069749,0.025175,0.228901,0.151663,0.11977,0.060598,0.063511,0.21952,0.058414,0.039434,0.020679,0.029474,0.879359,0.834112,0.338526,0.680627,0.889944,0.895794,0.74194,0.793836,0.691193,0.685647,0.920134,0.958916,0.067806,0.770764,0.964564,1
73.4375,0.182919,0.137227,0.311271,0.139791,0.110519,0.11938,0.359914,0.311096,0.251722,0.074153,0.090606,0.330507,0.045876,0.012173,0.026388,0.049089,0.84619,0.808099,0.304125,0.64313,0.886725,0.893837,0.742616,0.776758,0.698506,0.649834,0.897233,0.956751,0.125863,0.745532,0.966901,1
73.828125,0.320758,0.217192,0.423802,0.321111,0.214619,0.320708,0.41867,0.350824,0.331605,0.043579,0.043816,0.321842,0.138618,0.115755,0.13856,0.172238,0.870867,0.822824,0.096016,0.517254,0.872916,0.874893,0.676254,0.751444,0.697132,0.536718,0.931017,0.946225,0.248811,0.810579,0.97644,1
74.21875,0.344314,0.170256,0.441782,0.375987,0.199128,0.191402,0.415894,0.321934,0.433142,0.050696,0.012244,0.347311,0.090664,0.032992,0.089122,0.146709,0.862612,0.825391,0.136191,0.490892,0.881217,0.894958,0.65587,0.71561,0.680066,0.528006,0.912179,0.950959,0.097469,0.771519,0.974156,1
74.609375,0.176324,0.088277,0.274853,0.212329,0.115871,0.117531,0.275367,0.269849,0.355171,0.192792,0.078342,0.255342,0.049431,0.107129,0.052455,0.09123,0.84781,0.83542,0.242182,0.640607,0.885066,0.895276,0.724914,0.772788,0.723022,0.61931,0.877877,0.953061,0.019693,0.704172,0.952289,1
75,0.259931,0.0659,0.366433,0.261499,0.103474,0.088628,0.354859,0.327057,0.209997,0.071931,0.069255,0.181143,0.030839,0.032663,0.009119,0.061135,0.820393,0.767538,0.307279,0.622396,0.853225,0.883384,0.701701,0.75227,0.691617,0.577248,0.838472,0.941484,0.011946,0.62377,0.933438,1
75.390625,0.213279,0.065702,0.234937,0.160166,0.09688,0.139008,0.258095,0.235233,0.270238,0.006812,0.029284,0.223915,0.041227,0.137814,0.050763,0.151065,0.721838,0.700606,0.140535,0.454728,0.762089,0.822558,0.549839,0.644726,0.640315,0.478967,0.829895,0.907644,0.039547,0.573132,0.926181,1
75.78125,0.195312,0.092275,0.156691,0.134591,0.255904,0.147141,0.282247,0.228405,0.260632,0.041786,0.027685,0.2619,0.087586,0.057928,0.108115,0.237415,0.811812,0.77843,0.274711,0.649737,0.887414,0.914176,0.727389,0.770623,0.682278,0.532543,0.879642,0.947899,0.064099,0.634895,0.963756,1
76.171875,0.193495,0.004323,0.262248,0.108112,0.205529,0.023451,0.234085,0.230129,0.269609,0.033199,0.040653,0.264043,0.04225,0.021872,0.043658,0.069269,0.908551,0.817081,0.147064,0.590781,0.867618,0.901262,0.681356,0.763988,0.681696,0.597967,0.894643,0.95411,0.027429,0.665541,0.969895,1
76.5625,0.163342,0.021395,0.344506,0.368153,0.125987,0.069215,0.412551,0.409499,0.48425,0.176273,0.190426,0.291642,0.116842,0.120284,0.062672,0.103122,0.888069,0.871999,0.186716,0.630783,0.882058,0.892146,0.725663,0.796935,0.710815,0.55977,0.904506,0.965196,0.076943,0.706542,0.970576,1
76.953125,0.137926,0.021428,0.288859,0.26428,0.1466,0.110314,0.463242,0.296482,0.212972,0.208301,0.104088,0.183099,0.079919,0.113294,0.02588,0.047249,0.861436,0.86997,0.196042,0.54591,0.898573,0.872637,0.696789,0.734491,0.654896,0.524538,0.905914,0.955123,0.179061,0.729313,0.961288,1
77.34375,0.297352,0.022807,0.139231,0.128342,0.050195,0.049912,0.357195,0.283707,0.318444,0.051196,0.062164,0.204611,0.036405,0.055346,0.031151,0.104146,0.737314,0.76631,0.223613,0.533666,0.798593,0.865251,0.633,0.691726,0.736461,0.54315,0.886729,0.937299,0.039977,0.744319,0.947952,1
77.734375,0.214413,0.016399,0.284739,0.171183,0.239606,0.078671,0.383628,0.318532,0.277833,0.052715,0.01272,0.173363,0.020808,0.017287,0.02989,0.123562,0.850051,0.807204,0.248195,0.63664,0.88173,0.88568,0.691283,0.763658,0.800067,0.607311,0.886045,0.928975,0.069684,0.743382,0.953916,1
78.125,0.061592,0.045065,0.254189,0.17343,0.136344,0.106299,0.265504,0.226348,0.207553,0.033765,0.003329,0.053792,0.035935,0.0594,0.010702,0.059265,0.773393,0.693896,0.278989,0.588295,0.897938,0.864335,0.675573,0.691728,0.780807,0.621414,0.859931,0.933431,0.060954,0.692184,0.965054,1
78.515625,0.247006,0.024715,0.299599,0.249942,0.06584,0.148903,0.288099,0.242652,0.27054,0.128921,0.013914,0.129836,0.149375,0.115777,0.049317,0.133473,0.846537,0.834271,0.245442,0.615273,0.894179,0.922659,0.724633,0.758605,0.731233,0.563501,0.905189,0.953103,0.036381,0.704344,0.966733,1
78.90625,0.163092,0.022032,0.322862,0.219211,0.125078,0.055225,0.305634,0.305325,0.363226,0.076446,0.041204,0.336549,0.149928,0.078568,0.114105,0.1678,0.820996,0.834038,0.236585,0.64813,0.865345,0.860999,0.709138,0.765109,0.739611,0.629066,0.887673,0.927845,0.012165,0.636223,0.955434,1
79.296875,0.270679,0.007056,0.304399,0.162106,0.260526,0.079326,0.352086,0.349705,0.281103,0.015414,0.09854,0.303326,0.047212,0.030397,0.127591,0.302471,0.805574,0.800069,0.291342,0.697998,0.864924,0.898736,0.763452,0.826495,0.732347,0.74297,0.848569,0.952443,0.023872,0.638004,0.94993,1
79.6875,0.17006,0.065726,0.188143,0.149311,0.156458,0.031818,0.2429,0.334908,0.177435,0.009925,0.017326,0.180551,0.05643,0.024134,0.085208,0.098809,0.81281,0.780697,0.296997,0.649736,0.880081,0.884149,0.775272,0.806466,0.754556,0.659371,0.909738,0.961551,0.070297,0.778634,0.953025,1
80.078125,0.204243,0.058572,0.256823,0.276203,0.057399,0.064261,0.298753,0.307921,0.207511,0.06744,0.027289,0.20154,0.020565,0.037412,0.018696,0.095346,0.895613,0.836805,0.374334,0.689769,0.90603,0.897401,0.808199,0.85111,0.807293,0.729892,0.91939,0.963926,0.076514,0.79066,0.962236,1
80.46875,0.274153,0.017139,0.306281,0.24641,0.224846,0.012494,0.300572,0.31153,0.148384,0.005737,0.034949,0.288038,0.060613,0.030766,0.064521,0.257849,0.853718,0.78137,0.197389,0.566676,0.83997,0.852872,0.736661,0.782468,0.761219,0.645112,0.881794,0.955738,0.063439,0.687312,0.946397,1
80.859375,0.127536,0.030056,0.235471,0.147625,0.159771,0.017879,0.185756,0.23514,0.200208,0.03506,0.109048,0.347424,0.202762,0.112357,0.03769,0.273445,0.810919,0.771298,0.276218,0.613314,0.873211,0.910855,0.73309,0.778827,0.74676,0.701858,0.866188,0.952236,0.009045,0.612374,0.945589,1
81.25,0.200863,0.025404,0.419408,0.313204,0.128629,0.013679,0.418547,0.40913,0.264764,0.120205,0.017985,0.208257,0.167649,0.017395,0.004519,0.097904,0.859321,0.81964,0.11475,0.557415,0.864419,0.863033,0.665972,0.698473,0.697481,0.644676,0.863187,0.937556,0.035154,0.680556,0.952346,1
81.640625,0.283556,0.0478,0.324371,0.153969,0.162755,0.008771,0.382463,0.28428,0.167173,0.032446,0.05211,0.212145,0.053804,0.010797,0.059733,0.210362,0.835989,0.738146,0.078168,0.477402,0.781822,0.798638,0.614035,0.687565,0.617343,0.576735,0.822309,0.920779,0.03942,0.576881,0.928109,1
82.03125,0.13519,0.145129,0.227403,0.144303,0.20317,0.061282,0.317242,0.271519,0.318588,0.030484,0.00794,0.268341,0.04298,0.052123,0.022274,0.186641,0.876434,0.81127,0.237745,0.529117,0.867837,0.88961,0.699499,0.74436,0.748774,0.641342,0.852943,0.944786,0.025113,0.641434,0.951205,1
82.421875,0.08711,0.226635,0.265408,0.351843,0.123352,0.1582,0.362057,0.308774,0.354463,0.035884,0.037224,0.178828,0.17803,0.084002,0.042444,0.091694,0.867351,0.819737,0.311112,0.585985,0.913986,0.88985,0.738248,0.76493,0.669126,0.5413,0.907911,0.942095,0.089608,0.756726,0.963055,1
82.8125,0.180059,0.099684,0.232937,0.187089,0.055691,0.166469,0.22972,0.189053,0.341123,0.043853,0.075127,0.188694,0.075433,0.005102,0.026872,0.133281,0.801281,0.756853,0.220739,0.53469,0.888314,0.871063,0.674409,0.730447,0.625569,0.499137,0.896065,0.932114,0.067897,0.726527,0.944198,1
83.203125,0.264858,0.071033,0.274604,0.091929,0.07035,0.073848,0.21189,0.176333,0.122272,0.02261,0.064678,0.225243,0.094636,0.027178,0.057158,0.192641,0.795193,0.746328,0.151383,0.526846,0.879968,0.869692,0.64607,0.702845,0.616354,0.421548,0.868022,0.919597,0.14459,0.721907,0.918282,1
83.59375,0.094959,0.012899,0.195031,0.108605,0.009103,0.027201,0.113953,0.18215,0.257432,0.040634,0.033642,0.107929,0.030874,0.098031,0.014626,0.048701,0.703764,0.614276,0.125174,0.477254,0.786246,0.808218,0.626837,0.689865,0.619286,0.527856,0.797868,0.935412,0.018185,0.568053,0.896258,1
83.984375,0.089456,0.020512,0.196906,0.105141,0.087344,0.014918,0.264614,0.204322,0.497344,0.015506,0.111135,0.227183,0.066367,0.075597,0.032967,0.273016,0.855934,0.810465,0.36245,0.705228,0.895967,0.849382,0.791166,0.807236,0.779575,0.716077,0.888701,0.949396,0.050448,0.752953,0.952484,1
84.375,0.333135,0.019057,0.368452,0.203855,0.122136,0.056113,0.398546,0.252045,0.264392,0.051396,0.091231,0.298834,0.094229,0.049346,0.042933,0.248801,0.857791,0.816471,0.245407,0.635683,0.871139,0.869096,0.703223,0.759662,0.691904,0.494985,0.876185,0.933502,0.053037,0.700321,0.94556,1
84.765625,0.210961,0.035449,0.242771,0.184371,0.106836,0.015712,0.275643,0.204585,0.135394,0.086336,0.024782,0.24294,0.051087,0.066104,0.05158,0.151051,0.879854,0.836738,0.390027,0.710456,0.894656,0.885275,0.806075,0.819016,0.729185,0.630604,0.872229,0.947925,0.03923,0.6696,0.952079,1
85.15625,0.187773,0.002981,0.147062,0.137403,0.042936,0.015555,0.27781,0.106613,0.121868,0.05562,0.004756,0.183896,0.021388,0.072962,0.034309,0.037457,0.819132,0.76909,0.355784,0.628681,0.831041,0.829338,0.739255,0.750885,0.63032,0.594396,0.779933,0.936746,0.012779,0.572009,0.919448,1
85.546875,0.212195,0.008815,0.315457,0.289611,0.093357,0.006106,0.381315,0.251803,0.356361,0.013514,0.034436,0.274354,0.060525,0.032613,0.058348,0.132034,0.781382,0.691903,0.302304,0.567982,0.851513,0.83945,0.721819,0.731314,0.681244,0.553317,0.799454,0.938278,0.000872,0.557521,0.927603,1
85.9375,0.063916,0.072768,0.175318,0.200928,0.090546,0.016074,0.271363,0.196294,0.338744,0.009314,0.072358,0.281838,0.123973,0.008625,0.059662,0.117656,0.870875,0.741939,0.227762,0.565821,0.866778,0.831042,0.677964,0.734064,0.694489,0.551889,0.885476,0.945845,0.011794,0.715871,0.955582,1
86.328125,0.172303,0.026992,0.262568,0.178635,0.022481,0.03007,0.250807,0.209747,0.311325,0.011568,0.083997,0.296931,0.071338,0.016016,0.058408,0.204413,0.843682,0.776799,0.179234,0.619291,0.83082,0.772149,0.698815,0.76294,0.606874,0.58159,0.856663,0.93823,0.030773,0.649129,0.941947,1
86.71875,0.134799,0.065105,0.415903,0.318351,0.079102,0.124823,0.37041,0.28588,0.367985,0.048822,0.001241,0.269503,0.220186,0.131246,0.013043,0.092249,0.802014,0.788474,0.227898,0.654484,0.831211,0.841011,0.71441,0.777698,0.644086,0.611635,0.804772,0.941245,0.043451,0.57017,0.929269,1
87.109375,0.188666,0.04212,0.137938,0.139551,0.055147,0.016829,0.156675,0.096265,0.043153,0.018252,0.036075,0.073516,0.017448,0.081918,0.085779,0.037892,0.69201,0.630587,0.259104,0.511546,0.794677,0.857443,0.60952,0.637106,0.61668,0.517832,0.844379,0.904857,0.010052,0.638951,0.924262,1
87.5,0.097759,0.048756,0.216598,0.193821,0.12364,0.040531,0.242871,0.259034,0.129161,0.028778,0.030808,0.192431,0.101902,0.04047,0.029726,0.06751,0.737807,0.715209,0.309358,0.564917,0.82818,0.863802,0.632398,0.699579,0.655974,0.623854,0.82591,0.918406,0.011173,0.633586,0.923378,1
87.890625,0.039448,0.029144,0.239142,0.196525,0.00196,0.026666,0.231836,0.249872,0.224817,0.045815,0.005264,0.066474,0.046713,0.09608,0.056111,0.019861,0.77032,0.719997,0.22434,0.585985,0.843212,0.803937,0.675486,0.761144,0.661969,0.614126,0.800653,0.931207,0.036607,0.565955,0.919615,1
88.28125,0.057723,0.003404,0.226176,0.1621,0.069214,0.055582,0.219152,0.251963,0.230355,0.017024,0.006962,0.077002,0.125291,0.032681,0.045686,0.005028,0.794173,0.808444,0.381232,0.671988,0.84188,0.868085,0.753846,0.767316,0.777409,0.674242,0.881369,0.933294,0.041282,0.685681,0.932619,1
88.671875,0.021736,0.002867,0.104583,0.112129,0.017818,0.059017,0.162331,0.190922,0.311529,0.124052,0.02734,0.118999,0.019738,0.096702,0.024042,0.025609,0.797567,0.777695,0.23168,0.544812,0.774266,0.795677,0.641377,0.672485,0.741742,0.589637,0.862628,0.918217,0.063119,0.630094,0.932534,1
89.0625,0.059723,0.07834,0.133618,0.061773,0.018971,0.018995,0.208772,0.233094,0.100972,0.045285,0.003539,0.174503,0.015986,0.029447,0.008717,0.012505,0.865652,0.83935,0.284657,0.598364,0.847058,0.848307,0.669136,0.72609,0.66134,0.556818,0.872717,0.931522,0.048765,0.669441,0.943801,1
89.453125,0.136459,0.041568,0.274044,0.139138,0.037819,0.023317,0.332336,0.286824,0.181821,0.063647,0.039233,0.234904,0.126296,0.125036,0.049073,0.151986,0.771191,0.756796,0.188324,0.579895,0.806122,0.77957,0.660013,0.744325,0.606741,0.452523,0.740727,0.930574,0.005166,0.508193,0.904257,1
89.84375,0.108101,0.083123,0.282693,0.161844,0.076776,0.029849,0.224174,0.282038,0.175879,0.142702,0.036477,0.186482,0.04387,0.074694,0.012743,0.038959,0.824493,0.777874,0.299802,0.644075,0.828474,0.859443,0.712788,0.739683,0.683879,0.603141,0.838152,0.933887,0.015925,0.623897,0.929798,1
90.234375,0.140857,0.015098,0.115537,0.100951,0.041444,0.036014,0.117427,0.155965,0.11882,0.04371,0.001357,0.066651,0.003359,0.009261,0.02201,0.028574,0.851556,0.809039,0.292911,0.622756,0.869597,0.860041,0.733558,0.753667,0.712215,0.556681,0.883393,0.937046,0.043902,0.733356,0.943396,1
90.625,0.063091,0.055734,0.203059,0.04324,0.145468,0.092663,0.235967,0.270032,0.206195,0.023901,0.034632,0.263418,0.131657,0.015818,0.037115,0.10319,0.835711,0.791676,0.216162,0.515553,0.838641,0.861749,0.611615,0.658717,0.626016,0.503012,0.892953,0.940525,0.194837,0.762641,0.944286,1
91.015625,0.294826,0.099177,0.262343,0.109056,0.098268,0.10744,0.220367,0.266774,0.085862,0.057098,0.066306,0.352774,0.158211,0.065405,0.00894,0.068941,0.778957,0.743644,0.335569,0.654474,0.817532,0.871631,0.736217,0.786499,0.796798,0.685662,0.872679,0.94775,0.045151,0.678272,0.939026,1
91.40625,0.273398,0.049833,0.266157,0.082419,0.075905,0.083997,0.174245,0.154858,0.083161,0.058288,0.025995,0.21661,0.004626,0.034994,0.005902,0.087376,0.836057,0.831735,0.266497,0.584769,0.84122,0.838455,0.714342,0.741336,0.703568,0.573317,0.829087,0.936461,0.042323,0.588225,0.945922,1
91.796875,0.111092,0.020941,0.174788,0.047528,0.068732,0.006506,0.149158,0.122637,0.199201,0.023854,0.006158,0.104011,0.050012,0.05273,0.05175,0.050347,0.755765,0.720733,0.279079,0.48161,0.823681,0.679234,0.615852,0.628457,0.547185,0.539559,0.749952,0.89439,0.023686,0.558248,0.888783,1
92.1875,0.142582,0.064039,0.140137,0.050261,0.111641,0.041173,0.140346,0.12016,0.13272,0.028587,0.070661,0.191562,0.054402,0.040135,0.074967,0.153037,0.815263,0.783296,0.270947,0.584398,0.839394,0.831052,0.688529,0.731026,0.642151,0.546763,0.835669,0.936526,0.006472,0.640188,0.926066,1
92.578125,0.099399,0.027877,0.277623,0.296468,0.084345,0.081649,0.371554,0.247959,0.336548,0.047927,0.018056,0.248274,0.304035,0.140845,0.026412,0.076519,0.856513,0.827215,0.26785,0.638329,0.862312,0.866448,0.755077,0.805108,0.684329,0.629097,0.868938,0.939999,0.047552,0.680957,0.946078,1
92.96875,0.072939,0.052592,0.13333,0.155252,0.01864,0.192435,0.247735,0.202603,0.090845,0.085183,0.058586,0.087221,0.101109,0.103029,0.005757,0.028438,0.812671,0.796191,0.216828,0.660527,0.852518,0.866694,0.738275,0.790614,0.655845,0.542383,0.841115,0.918057,0.099153,0.661781,0.926745,1
93.359375,0.072538,0.048952,0.132359,0.135215,0.015066,0.05682,0.138858,0.078259,0.078113,0.064508,0.024192,0.122806,0.127499,0.040159,0.042868,0.032409,0.763407,0.714681,0.271452,0.562251,0.803907,0.778393,0.652034,0.678681,0.655928,0.486902,0.764554,0.896074,0.069553,0.545518,0.906732,1
93.75,0.185744,0.002007,0.078595,0.076162,0.01172,0.003485,0.164844,0.153841,0.065308,0.046929,0.037257,0.053067,0.032304,0.038375,0.04013,0.027078,0.743018,0.726255,0.185506,0.514753,0.842474,0.820629,0.590522,0.664583,0.566651,0.40885,0.759304,0.88105,0.090172,0.523827,0.890523,1
94.140625,0.091091,0.017339,0.102459,0.047628,0.020319,0.155239,0.112598,0.06858,0.140937,0.085713,0.031316,0.143405,0.170004,0.016757,0.029068,0.158713,0.810783,0.793313,0.339891,0.594432,0.876576,0.881968,0.711506,0.728832,0.749283,0.586564,0.82452,0.923968,0.007176,0.583268,0.925915,1
94.53125,0.198863,0.02352,0.290525,0.253029,0.081455,0.128931,0.413676,0.338602,0.276566,0.102308,0.055635,0.290549,0.174227,0.021204,0.00961,0.065348,0.863433,0.861463,0.266543,0.573352,0.829708,0.862327,0.709003,0.748108,0.777772,0.677955,0.868476,0.938083,0.030717,0.682255,0.936538,1
94.921875,0.072374,0.111184,0.156798,0.152733,0.135545,0.055902,0.306216,0.410255,0.23135,0.018886,0.025993,0.253507,0.202004,0.046734,0.034122,0.09515,0.771882,0.699065,0.263112,0.581673,0.869815,0.826831,0.665319,0.699903,0.668956,0.518905,0.790491,0.904489,0.03666,0.559971,0.92423,1
95.3125,0.1951,0.022339,0.19973,0.12165,0.151972,0.037845,0.265475,0.344359,0.097384,0.039678,0.009563,0.234857,0.107397,0.035145,0.050741,0.077992,0.798885,0.764324,0.182693,0.48953,0.848925,0.83571,0.568319,0.644983,0.576067,0.321328,0.795011,0.900892,0.058936,0.541556,0.915853,1
95.703125,0.063272,0.000961,0.088994,0.151227,0.063582,0.003867,0.110831,0.165239,0.108819,0.009476,0.083667,0.055476,0.074112,0.031835,0.011132,0.101784,0.738441,0.754334,0.175869,0.480511,0.815949,0.831792,0.636062,0.671204,0.581436,0.446021,0.807907,0.920154,0.04619,0.577729,0.926055,1
96.09375,0.096635,0.00591,0.209853,0.227362,0.061714,0.010935,0.27678,0.244601,0.144999,0.005563,0.019336,0.126133,0.149724,0.038394,0.016116,0.012397,0.803478,0.803763,0.237026,0.614579,0.891333,0.839096,0.750439,0.743207,0.712547,0.521357,0.837503,0.931318,0.12298,0.671051,0.935203,1
96.484375,0.079329,0.027608,0.196576,0.191991,0.070844,0.009939,0.220979,0.293902,0.184066,0.048534,0.017914,0.089663,0.06145,0.019386,0.017441,0.057747,0.703624,0.700092,0.070148,0.382475,0.83585,0.740466,0.535225,0.589925,0.545923,0.354661,0.771025,0.884202,0.015817,0.458367,0.890146,1
96.875,0.095151,0.00896,0.118464,0.07222,0.080563,0.044848,0.08387,0.106209,0.112232,0.041044,0.018279,0.118705,0.045743,0.031348,0.051716,0.059437,0.706329,0.634836,0.161699,0.458927,0.885918,0.811948,0.553573,0.610667,0.554952,0.335782,0.82073,0.914115,0.075906,0.63865,0.920638,1
97.265625,0.057457,0.177425,0.237285,0.174441,0.225717,0.218595,0.215807,0.156007,0.136552,0.079905,0.033352,0.171212,0.145172,0.076003,0.051984,0.050379,0.849579,0.812483,0.335637,0.691914,0.899767,0.87513,0.758334,0.80209,0.768661,0.646448,0.849656,0.947878,0.133255,0.730641,0.944316,1
97.65625,0.113332,0.041184,0.092314,0.156239,0.071632,0.036358,0.201643,0.126443,0.090139,0.037813,0.006485,0.130373,0.014501,0.054325,0.00101,0.061884,0.803646,0.81944,0.216602,0.550005,0.857489,0.84036,0.640328,0.674675,0.739881,0.520565,0.857496,0.925614,0.152485,0.669151,0.957624,1
98.046875,0.123735,0.061951,0.15283,0.184279,0.112803,0.210066,0.149276,0.126962,0.145844,0.04472,0.026567,0.113661,0.039546,0.059618,0.026634,0.058558,0.740344,0.733661,0.091636,0.314312,0.731918,0.772017,0.417602,0.518092,0.630757,0.442062,0.794447,0.880407,0.119694,0.604153,0.910496,1
98.4375,0.059417,0.050332,0.168682,0.063373,0.07797,0.066518,0.182499,0.102714,0.077198,0.022041,0.032433,0.078013,0.026479,0.097459,0.039807,0.028769,0.80548,0.789147,0.300533,0.59156,0.825328,0.858439,0.718334,0.738196,0.78985,0.522971,0.826311,0.91391,0.176573,0.660017,0.928995,1
98.828125,0.046173,0.016446,0.176584,0.088151,0.143281,0.008251,0.128431,0.092876,0.069647,0.018829,0.020743,0.165285,0.048842,0.025669,0.013887,0.053589,0.843067,0.77401,0.179013,0.460134,0.811946,0.769778,0.552171,0.59718,0.666026,0.442318,0.850062,0.905654,0.123991,0.621502,0.926679,1
99.21875,0.046671,0.101403,0.255264,0.146796,0.200565,0.029276,0.220027,0.154653,0.031133,0.018826,0.018518,0.079601,0.060625,0.057994,0.027316,0.091685,0.804287,0.786971,0.085389,0.402893,0.805763,0.758799,0.504351,0.5783,0.724329,0.47943,0.846853,0.908714,0.209982,0.700534,0.920665,1
99.609375,0.179687,0.076609,0.259692,0.217248,0.037571,0.114996,0.168396,0.224766,0.127713,0.04186,0.036721,0.118093,0.044068,0.016067,0.020409,0.104316,0.754023,0.762029,0.212431,0.563841,0.836133,0.793832,0.622182,0.714972,0.760392,0.57747,0.788866,0.914945,0.009544,0.575861,0.917158,1
100,0,0,0,0,0,0,0,0,0,0,0,0,0,0,0,0,0,0,0,0,0,0,0,0,0,0,0,0,0,0,0,0